// Monsters Additional Database
//
// Structure of Database :
// ID,Sprite_Name,kROName,iROName,LV,HP,SP,EXP,JEXP,Range1,ATK1,ATK2,DEF,MDEF,STR,AGI,VIT,INT,DEX,LUK,Range2,Range3,Scale,Race,Element,Mode,Speed,aDelay,aMotion,dMotion,MEXP,MVP1id,MVP1per,MVP2id,MVP2per,MVP3id,MVP3per,Drop1id,Drop1per,Drop2id,Drop2per,Drop3id,Drop3per,Drop4id,Drop4per,Drop5id,Drop5per,Drop6id,Drop6per,Drop7id,Drop7per,Drop8id,Drop8per,Drop9id,Drop9per,DropCardid,DropCardper

// rAthena Dev Team
//1900,VALARIS,Valaris,Valaris,99,668000,0,107250,37895,2,3220,4040,35,45,1,152,96,85,120,95,10,10,2,6,67,0x1973,100,1068,768,576,13000,608,1000,750,400,923,3800,1466,200,2256,200,2607,800,714,500,617,3000,984,4300,985,5600,0,0,0,0,4147,1
//1901,VALARIS_WORSHIPPER,Valaris's Worshipper,Valaris's Worshipper,50,8578,0,2706,1480,1,487,590,15,25,1,75,55,1,93,45,10,12,0,6,27,0x1685,100,868,480,120,0,0,0,0,0,0,0,923,500,984,63,1464,2,607,50,610,100,503,300,2405,50,0,0,0,0,4129,1
//1902,MC_CAMERI,MC Cameri,MC Cameri,99,668000,0,107250,37895,2,3220,4040,35,45,1,152,96,85,120,95,10,10,2,6,67,0x1973,100,1068,768,576,13000,608,1000,750,400,923,3800,1466,200,2256,200,2607,800,714,500,617,3000,984,4300,985,5600,0,0,0,0,4147,1
//1903,POKI,Poki#3,Poki#3,99,1349000,0,4093000,1526000,9,4892,9113,22,35,1,180,39,67,193,130,10,12,1,7,64,0x1973,120,500,672,480,92100,603,5500,617,3000,1723,1000,1228,100,1236,500,617,2500,1234,75,1237,125,1722,250,1724,100,1720,50,0,0,0,0
//1904,SENTRY,Sentry,Sentry,99,668000,0,107250,37895,2,3220,4040,35,45,1,152,96,85,120,95,10,10,2,6,67,0x1973,100,1068,768,576,13000,608,1000,750,400,923,3800,1466,200,2256,200,2607,800,714,500,617,3000,984,4300,985,5600,0,0,0,0,4147,1

// Custom Hollow Poring (overrrides/collides with META_ANDRE)
//1237,HOLLOW_PORING,Hollow Poring,Hollow Poring,1,50,0,2,1,1,7,10,0,5,1,1,1,0,6,30,10,12,1,3,21,0x83,400,1872,672,480,0,0,0,0,0,0,0,909,7000,1202,100,938,400,512,1000,713,1500,512,150,619,20,0,0,0,0,4001,10
// Custom Fire Poring. Warning, Colides with META_DENIRO
//1239,FIRE_PORING,Fire Poring,Fire Poring,1,50,0,2,1,1,7,10,0,5,1,1,1,1,6,30,10,12,1,3,21,0x131,400,1872,672,480,0,0,0,0,0,0,0,909,7000,1202,100,938,400,512,1000,713,1500,741,5,619,20,0,0,0,0,4001,20

// Lunar New Year 2008 Event Monster overrides
// Uncomment if event is enabled, as these drops modifications are nessecary.
//1145,MARTIN,Martin,Martin,18,1109,0,134,86,1,52,63,0,5,12,18,30,15,15,5,10,12,0,2,42,0x81,300,1480,480,480,0,0,0,0,0,0,0,1017,9000,1018,500,1251,10,2225,5,5009,1,10010,10,2224,15,7869,1500,0,0,4046,1
//1175,TAROU,Tarou,Tarou,11,284,0,57,28,1,34,45,0,0,1,20,11,10,24,5,10,12,0,2,27,0x91,150,1744,1044,684,0,0,0,0,0,0,0,1016,9000,919,3000,949,800,528,1000,701,2,7869,2500,0,0,0,0,0,0,4028,1
//1209,CRAMP,Cramp,Cramp,56,4720,0,2300,1513,1,395,465,0,5,1,85,35,5,65,60,10,12,0,2,45,0x3095,100,1000,500,1000,0,0,0,0,0,0,0,7007,4656,528,1000,726,80,746,110,568,250,510,70,984,95,7869,1500,0,0,4296,1

// iRO St. Patricks Day 2008 Event Monster overrides
// Uncomment if event is enabled, as these drops modifications are nessecary.
//1841,G_SNAKE_,Snake Lord's Minon,Snake Lord's Minon,15,471,0,72,48,1,46,55,0,0,1,15,15,10,35,5,10,12,1,2,22,0x81,200,1576,576,576,0,0,0,0,0,0,0,7915,1000,7916,100,7720,30,12715,7,0,0,0,0,0,0,0,0,0,0,0,0
//1842,G_ANACONDAQ_,Snake Lord's Minon,Snake Lord's Minon,23,1109,0,300,149,1,124,157,0,0,1,23,28,10,36,5,10,12,1,2,25,0x91,200,1576,576,576,0,0,0,0,0,0,0,7915,1000,7916,100,7720,30,12715,7,0,0,0,0,0,0,0,0,0,0,0,0
//1843,SIDE_WINDER_,Snake Lord's Minon,Snake Lord's Minon,43,4929,0,1996,993,1,240,320,5,10,38,43,40,15,115,20,10,12,1,2,25,0x3095,200,1576,576,576,0,0,0,0,0,0,0,7915,1000,7916,100,7720,30,12715,7,0,0,0,0,0,0,0,0,0,0,0,0
//1844,G_ISIS_,Snake Lord's Minon,Snake Lord's Minon,47,7003,0,3709,1550,1,423,507,10,35,38,65,43,50,66,15,10,12,2,6,27,0x3195,200,1384,768,336,0,0,0,0,0,0,0,7915,1000,7916,100,7720,30,12715,8,0,0,0,0,0,0,0,0,0,0,0,0

// iRO Christmas 2008 Event
// Uncomment if event is enabled, as these drops modifications are nessecary.
//1244,JAKK_XMAS,Christmas Jakk,Christmas Jakk,38,3581,0,1113,688,1,315,382,5,30,1,38,38,43,75,45,10,12,1,0,43,0x81,200,1180,480,648,0,0,0,0,0,0,0,529,1000,530,1000,14546,1000,14550,1000,7174,1000,7175,1000,6092,1000,12355,1250,0,0,0,0
//1245,GOBLINE_XMAS,Christmas Goblin,Christmas Goblin,25,1176,0,282,171,1,118,140,10,5,1,53,25,20,38,45,10,12,1,7,24,0x81,100,1120,620,240,0,0,0,0,0,0,0,529,1000,530,1000,14546,1000,14550,1000,7174,1000,7175,1000,6092,1000,12355,1250,0,0,0,0
//1246,COOKIE_XMAS,Christmas Cookie,Christmas Cookie,28,2090,0,461,284,1,140,170,0,50,1,24,30,53,45,100,10,12,0,7,46,0x91,400,1248,1248,240,0,0,0,0,0,0,0,529,1000,530,1000,14546,1000,14550,1000,7174,1000,7175,1000,6092,1000,12355,1250,0,0,0,0
//1247,ANTONIO,Antonio,Antonio,10,10,0,3,2,1,13,20,100,0,1,1,1,50,100,100,10,12,1,3,66,0xC1,100,720,720,432,0,0,0,0,0,0,0,604,500,12354,500,14550,500,5136,500,12132,500,12225,500,5811,500,0,0,0,0,4243,1

// iRO Halloween 2009 Event
// Uncomment if event is enabled. Uncomment the skills for Halloween Whisper in mob_skill_db2.
//3014,HALLOWEEN_WHISPER,Halloween Whisper,Halloween Whisper,1,800,0,0,0,1,10,13,0,45,1,51,14,0,60,0,10,12,0,6,68,0x81,150,1960,960,504,0,0,0,0,0,0,0,12396,150,6299,5335,0,0,0,0,0,0,0,0,0,0,0,0,0,0,0,0
//3015,HALLOWEEN_DARK_LORD,Halloween Dark Lord,Halloween Dark Lord,1,45,0,0,0,1,10,13,0,45,1,51,14,0,60,0,10,12,2,6,89,0x81,100,868,768,480,0,0,0,0,0,0,0,12396,800,12397,5335,0,0,0,0,0,0,0,0,0,0,0,0,0,0,0,0

// iRO Halloween 2008 Event
// Uncomment if event is enabled.
//3000,ZOMBIE,Zombie,Zombie,15,534,0,50,33,1,67,79,0,10,1,8,7,0,15,0,10,12,1,1,29,0x3885,400,2612,912,288,0,0,0,0,0,0,0,957,9000,724,5,938,1000,958,50,727,70,0,0,0,0,0,0,0,0,4038,1
//3001,GHOUL,Ghoul,Ghoul,40,5418,0,1088,622,1,420,500,5,20,1,20,29,0,45,20,10,12,1,1,49,0x3885,250,2456,912,504,0,0,0,0,0,0,0,958,6000,756,110,509,700,511,800,2609,60,934,150,1260,1,0,0,0,0,4110,1
//3002,ZOMBIE_MASTER,Zombie Master,Zombie Master,62,14211,0,7610,2826,1,824,1084,37,26,25,20,30,5,77,35,10,12,1,1,29,0x3695,175,2612,912,288,0,0,0,0,0,0,0,7071,4413,938,1500,958,1500,723,200,727,100,1260,1,2324,2,0,0,0,0,4274,1

// Old Glast Heim Hard
3088,MM_BRINARANEA_BABY,Brinarea Baby,Brinarea Baby,155,155600,1,0,100,1,2051,2267,80,200,16,26,30,115,79,5,10,12,2,0,20,0x6203695,100,750,250,500,0,0,0,0,0,0,0,0,0,0,0,0,0,0,0,0,0,0,0,0,0,0,0,0,0,0,
3139,MG_ZOMBIE_H,Corrupted Steward,Corrupted Steward,160,271200,1,53332,55998,1,3986,5877,15,15,44,22,77,25,88,22,10,12,1,1,29,0x3885,400,2612,912,288,0,0,0,0,0,0,0,6609,1000,6610,1000,6608,100,938,1000,727,500,6755,100,0,0,0,0,0,0,0,0
3140,MG_WRAITH_H,Corrupted Monk,Corrupted Monk,163,200336,1,53998,56796,1,1777,2576,80,200,16,26,30,115,79,5,10,12,2,1,89,0x3695,350,1816,576,240,0,0,0,0,0,0,0,6609,1000,6610,1000,6608,100,2206,100,731,100,747,500,6755,100,0,0,0,0,0,0
3141,MG_GHOUL_H,Grand Chamberlain in pain,Grand Chamberlain in pain,162,416200,1,54222,57066,1,4994,7366,30,30,88,44,88,21,95,44,10,12,1,1,49,0x3885,300,2456,912,504,0,0,0,0,0,0,0,6609,1000,6610,1000,6608,100,756,100,2609,100,7751,1000,6755,100,0,0,0,0,0,0
3142,MG_ARCLOUSE_H,Maggot,Maggot,163,161622,1,62,66,1,2216,3213,121,36,60,103,45,35,172,15,10,12,0,4,42,0x2003095,100,960,500,480,0,0,0,0,0,0,0,6609,1000,6610,1000,6608,100,1096,3000,997,100,6755,100,0,0,0,0,0,0,0,0
3143,MG_RAYDRIC_H,Corrupted Palace Guard,Corrupted Palace Guard,165,368160,1,56306,10944,2,5390,7923,89,15,159,87,66,33,106,27,10,12,1,1,47,0x3095,150,824,780,420,0,0,0,0,0,0,0,6609,1000,6610,1000,6608,100,7054,3000,985,50,2316,200,6755,100,0,0,0,0,0,0
3144,MG_RAYDRIC_ARCHER_H,Wandering Archer,Wandering Archer,166,288740,1,54248,13378,14,6444,9557,63,40,53,24,40,15,156,30,10,12,1,1,47,0x2002085,200,1152,1152,480,0,0,0,0,0,0,0,6609,1000,6610,1000,6608,100,7054,3000,985,50,2330,200,6755,100,0,0,0,0,0,0
3145,MG_KNIGHT_OF_ABYSS_H,Corrupted Knight of Abyss,Corrupted Abysmal Knight,172,451578,1,58584,56576,2,5413,7973,102,50,121,55,99,70,126,37,10,12,2,1,87,0x6203695,300,1000,500,1000,0,0,0,0,0,0,0,6609,3000,6610,2000,6608,100,1064,5000,1004,10,2341,200,6755,100,0,0,0,0,0,0
3146,MG_KHALITZBURG_H,Suffering Khalitzburg,Suffering Khalitzburg,173,473702,1,57542,54662,2,4774,7014,125,10,121,142,55,81,105,32,10,12,2,1,29,0x6203695,350,0,1000,396,0,0,0,0,0,0,0,6609,3000,6610,2000,6608,100,985,50,1004,10,1110,300,6755,100,0,0,0,0,0,0
3147,MG_BLOODY_KNIGHT_H,Bloody Knight,Bloody Knight,173,493502,1,60448,61882,2,3314,4819,122,300,132,55,89,151,137,45,10,12,2,1,87,0x6203695,250,828,528,192,0,0,0,0,0,0,0,6609,3000,6610,2000,6608,100,7054,5000,1160,100,1157,100,6755,100,0,0,0,0,0,0
3148,MG_M_UNDEAD_KNIGHT_H,Agony of Royal Knight,Agony of Royal Knight,175,1900070,1,560018,535184,2,5653,8310,80,150,165,82,110,122,154,52,10,12,1,1,49,0x6203695,130,350,864,480,0,0,0,0,0,0,0,6609,5000,6610,5000,6608,100,1191,10,1163,100,1463,200,6755,100,0,0,0,0,4605,1
3149,MG_F_UNDEAD_KNIGHT_H,Grudge of Royal Knight,Grudge of Royal Knight,175,1696020,1,559672,520398,2,5274,7746,80,180,155,88,110,135,154,59,10,12,1,1,49,0x6203695,120,350,768,480,0,0,0,0,0,0,0,6609,5000,6610,5000,6608,100,1163,100,1145,50,6755,100,0,0,0,0,0,0,4606,1
3150,MG_AMDARAIS_H,Amdarias,Amdarias,180,42900000,1,5291324,5197024,3,8899,13131,30,40,255,39,90,169,166,20,10,12,2,1,89,0x6283695,120,312,1200,432,916529,616,2500,617,5000,12246,2500,616,5000,617,10000,6607,5000,607,10000,1186,1000,1004,10000,6755,100,0,0,0,0,4602,1
3151,MG_CORRUPTION_ROOT_H,Corruption Root,Corruption Root,180,18200000,1,2199906,2008478,3,6887,9774,333,333,201,20,90,201,201,20,10,12,2,6,62,0x6280084,2000,576,672,480,6175000,616,2500,617,5000,12246,2500,616,5000,617,10000,6607,5000,607,10000,2854,1000,7566,10000,6755,1000,0,0,0,0,4604,1


//Charleston Crisis
3122,CHARLESTON1,Charleston 1,Charleston 1,140,2614000,1,36804,21064,1,3210,3905,123,68,189,78,81,51,108,56,10,12,2,2,22,0x6203885,250,2456,912,504,0,0,0,0,0,0,0,0,0,0,0,0,0,0,0,0,0,0,0,0,0,0,0,0,0,0,0
3123,CHARLESTON2,Charleston 2,Charleston 2,140,2614000,1,36804,21064,1,3210,3905,123,68,189,78,81,51,108,56,10,12,2,2,22,0x6203885,250,2456,912,504,0,0,0,0,0,0,0,0,0,0,0,0,0,0,0,0,0,0,0,0,0,0,0,0,0,0,0
3124,CHARLESTON3,Charleston 3,Charleston 3,145,23671401,1,3132000,2473000,1,1500,2500,200,90,208,106,205,206,228,105,10,12,2,7,60,0x6203885,250,2456,912,504,1566000,0,0,0,0,0,0,16031,200,28101,200,16033,100,21011,200,22043,400,22044,200,6752,5000,0,0,0,0,4697,1
3125,STEP,Step,Step,130,55403,1,3088,2392,1,871,1566,101,58,117,127,55,61,116,60,10,12,1,7,20,0x6203885,250,2456,912,504,0,0,0,0,0,0,0,6751,1000,0,0,6213,400,6961,50,6962,50,998,150,0,0,0,0,0,0,4698,1
3126,ROCK_STEP,Lockstep,Lockstep,131,71056,1,3609,2209,1,1100,1425,85,59,99,95,70,124,155,80,10,12,1,6,40,0x6203885,250,2456,912,504,0,0,0,0,0,0,0,6750,500,999,350,7319,500,6961,50,6962,50,0,0,0,0,0,0,0,0,4699,1
3127,KICK_STEP,Hallway 1 Security Device,Hallway 1 Security Device,132,73644,1,3607,2205,7,1151,1369,80,50,99,92,72,122,161,76,10,12,0,7,20,0x6203885,250,2456,912,504,0,0,0,0,0,0,0,6750,400,999,250,7319,300,6962,50,6961,50,0,0,0,0,0,0,0,0,27012,1
3128,KICK_AND_KICK,Security Robot,Security Robot,133,68018,1,3729,2032,1,1484,1642,98,54,164,116,66,59,141,58,10,12,1,7,20,0x6203885,250,2456,912,504,0,0,0,0,0,0,0,998,100,6751,500,6961,50,6962,50,6750,50,0,0,0,0,0,0,0,0,27013,1

//Sky fortress
// ID,Sprite_Name,kROName,iROName,LV,HP,SP,EXP,JEXP,Range1,ATK1,ATK2,DEF,MDEF,STR,AGI,VIT,INT,DEX,LUK,Range2,Range3,Scale,Race,Element,Mode,Speed,aDelay,aMotion,dMotion,MEXP,MVP1id,MVP1per,MVP2id,MVP2per,MVP3id,MVP3per,Drop1id,Drop1per,Drop2id,Drop2per,Drop3id,Drop3per,Drop4id,Drop4per,Drop5id,Drop5per,Drop6id,Drop6per,Drop7id,Drop7per,Drop8id,Drop8per,Drop9id,Drop9per,DropCardid,DropCardper
3473,AS_D_RAGGED_GOLEM,Stefan J.E Wolf,Stefan J.E Wolf,160,5000000,1,0,0,3,2800,3200,100,68,100,50,100,100,110,50,10,12,2,1,89,0x6203885,124,1500,500,1000,0,0,0,0,0,0,0,984,5000,985,5000,0,0,0,0,0,0,0,0,0,0,0,0,0,0,0,0
3474,AS_BLOODY_KNIGHT,Immortal Cursed Knight,Immortal Cursed Knight,160,10000000,1,7513,8457,2,4785,4977,138,53,102,104,72,57,98,57,10,12,1,6,47,0x6203885,123,1500,500,1000,0,0,0,0,0,0,0,985,500,616,50,607,100,608,100,984,500,21018,1,0,0,0,0,0,0,31024,1
3475,AS_WIND_GHOST,Immortal Wind Ghost,Immortal Wind Ghost,160,10000000,1,9086,17532,5,2513,3315,105,41,100,63,35,99,106,61,10,12,1,6,47,0x6203885,125,1500,500,1000,0,0,0,0,0,0,0,984,500,607,100,608,100,616,50,985,500,2027,1,0,0,0,0,0,0,31025,1
3476,AS_ZOMBIE,Immortal Zombie Soldier,Immortal Zombie Soldier,160,405694,1,10570,10100,1,1504,1625,128,84,5,99,39,48,30,24,10,12,1,6,47,0x6203885,350,1500,500,1000,0,0,0,0,0,0,0,0,0,0,0,0,0,0,0,0,0,0,0,0,0,0,0,0,0,0,0
3477,AS_IMMORTAL_CORPS,Immortal Fortress Legion,Immortal Fortress Legion,160,405694,1,11040,10730,1,1851,2022,103,25,109,76,61,53,98,30,10,12,1,6,47,0x6203885,74,1500,500,1000,0,0,0,0,0,0,0,0,0,0,0,0,0,0,0,0,0,0,0,0,0,0,0,0,0,0,0
3478,AS_ZOMBIE_SLAUGHTER,Immortal Fortress Key Keeper,Immortal Fortress Key Keeper,160,423332,1,11040,10730,1,1851,2022,103,25,109,76,61,53,98,30,10,12,1,6,47,0x6203885,79,1500,500,1000,0,0,0,0,0,0,0,6960,10000,0,0,0,0,0,0,0,0,0,0,0,0,0,0,0,0,0,0
3479,AS_ZOMBIE_MASTER,Immortal Zombie Assaulter,Immortal Zombie Assaulter,160,405694,1,11500,10100,1,1653,3274,140,44,155,126,89,108,213,76,10,12,1,6,47,0x6203885,141,1500,500,1000,0,0,0,0,0,0,0,0,0,0,0,0,0,0,0,0,0,0,0,0,0,0,0,0,0,0,0
3480,AS_CURSED_SOLDIER,Immortal Cursed Zombie,Immortal Cursed Zombie,160,405694,1,10101,10003,9,1850,3451,81,87,119,87,86,60,94,55,10,12,1,6,47,0x6203885,125,1500,500,1000,0,0,0,0,0,0,0,0,0,0,0,0,0,0,0,0,0,0,0,0,0,0,0,0,0,0,0
3481,AS_EVIL_SHADOW1,Immortal Nightmare Shadow,Immortal Nightmare Shadow,160,423330,1,6666,7332,2,1444,1944,106,44,44,166,44,44,166,44,10,12,1,6,47,0x6203885,96,1500,500,1000,0,0,0,0,0,0,0,985,10000,0,0,0,0,0,0,0,0,0,0,0,0,0,0,0,0,0,0
3482,AS_EVIL_SHADOW2,Immortal Angry Shadow,Immortal Angry Shadow,160,388054,1,279836,260199,1,2730,3990,80,180,155,88,110,135,154,59,10,12,1,6,47,0x6203885,76,1500,500,1000,0,0,0,0,0,0,0,0,0,0,0,0,0,0,0,0,0,0,0,0,0,0,0,0,0,0,0
3483,AS_EVIL_SHADOW3,Immortal Death Shadow,Immortal Death Shadow,160,423330,1,280009,267592,1,3020,4265,80,150,165,82,110,122,154,52,10,12,1,6,47,0x6203885,85,1500,500,1000,0,0,0,0,0,0,0,0,0,0,0,0,0,0,0,0,0,0,0,0,0,0,0,0,0,0,0
3484,AS_D_RAGGED_GOLEM,Stefan J.E Wolf,Stefan J.E Wolf,160,20000000,1,2800090,2675920,3,4500,6500,100,68,200,100,200,200,220,100,10,12,2,6,89,0x6203885,270,1500,500,1000,3800090,603,5000,616,5000,617,5000,984,10000,985,10000,28010,50,21018,50,2027,50,608,10000,607,10000,0,0,0,0,31026,1

//Temple Of Demon God
3087,M_NYDHOG,Nyddhog,Nyddhog,160,215000,1,100,100,2,1835,2279,15,89,76,66,90,55,189,22,10,12,1,7,20,0x6203695,100,1500,500,1000,0,0,0,0,0,0,0,0,0,0,0,0,0,0,0,0,0,0,0,0,0,0,0,0,0,0,
3088,MM_BRINARANEA_BABY,Brinarea Baby,Brinarea Baby,155,155600,1,0,100,1,2051,2267,80,200,16,26,30,115,79,5,10,12,2,0,20,0x6203695,100,1500,500,1000,0,0,0,0,0,0,0,0,0,0,0,0,0,0,0,0,0,0,0,0,0,0,0,0,0,0,
3089,MM_LOCO_KASA,Loco Kasa,Loco Kasa,155,185000,1,0,0,1,3266,4162,30,30,88,44,88,21,95,44,10,12,2,6,47,0x6203695,300,1500,500,1000,0,0,0,0,0,0,0,0,0,0,0,0,0,0,0,0,0,0,0,0,0,0,0,0,0,0,
3090,MM_LOCO_SALAMANDER,Loco Salamander,Loco Salamander,155,217650,1,0,0,1,2357,3428,121,36,60,103,45,35,172,15,10,12,1,6,47,0x6203695,500,1500,500,1000,0,0,0,0,0,0,0,0,0,0,0,0,0,0,0,0,0,0,0,0,0,0,0,0,0,0,
3091,MM_BRINARANEA,Brinararea,Brinararea,165,81650000 ,1,0,0,3,8255,28452,264,177,135,135,12,72,220,91,10,12,2,6,61,103331477,100,750,250,500,1,0,0,0,0,0,0,0,0,0,0,0,0,0,0,0,0,0,0,0,0,0,0,0,0,0,
3092,MM_MUSPELLSKOLL,Muspelskoll,Muspelskoll,165, 55620000,1,0,0,3,9600,11970,211,170,202,119,6,45,275,71,10,12,2,6,63,103331477,100,750,250,500,1,0,0,0,0,0,0,0,0,0,0,0,0,0,0,0,0,0,0,0,0,0,0,0,0,0,
3093,MM_BRINARANEA_CORE,Brinararea Core,Brinararea Core,160,300,1,0,0,0,1,2,1,1,1,1,1,1,1,1,0,0,2,6,21,0x0,500,1500,500,1000,0,0,0,0,0,0,0,0,0,0,0,0,0,0,0,0,0,0,0,0,0,0,0,0,0,0,
3094,MM_MUSPELLSKOLL_CORE,Muspelskoll Core,Muspelskoll Core,160,300,1,0,0,0,1,2,1,1,1,1,1,1,1,1,0,0,2,6,23,0x0,500,1500,500,1000,0,0,0,0,0,0,0,0,0,0,0,0,0,0,0,0,0,0,0,0,0,0,0,0,0,0,
3095,MM_GOD_SHADOW,God Shadow,God Shadow,1,1000000,1,0,0,1,1,1,1,1,1,1,1,1,1,1,0,0,2,6,23,0x6203885,500,1500,500,1000,0,0,0,0,0,0,0,0,0,0,0,0,0,0,0,0,0,0,0,0,0,0,0,0,0,0,
3096,MM_MOROCC_KID,Morocc Kid,Morocc Kid,175,80000000,1,0,0,3,4249,6241,158,134,90,122,7,120,350,36,10,12,0,6,66,102809237,50,750,250,500,1,0,0,0,0,0,0,0,0,0,0,0,0,0,0,0,0,0,0,0,0,0,0,0,0,0,
3097,MM_MOROCC_ADT,Morocc Adult,Morocc Adult,175,120000000,1,0,0,3,4715,6924,203,155,122,103,12,136,350,51,10,12,1,6,47,102809237,50,750,250,500,1,0,0,0,0,0,0,0,0,0,0,0,0,0,0,0,0,0,0,0,0,0,0,0,0,0,
3098,MM_MOROCC_ORIGIN,Morocc Origin,Morocc Origin,160,3258000,1,0,0,3,6177,7767,351,212,195,35,5,36,355,7,10,12,2,6,87,0x6203885,500,1500,500,1000,0,0,0,0,0,0,0,0,0,0,0,0,0,0,0,0,0,0,0,0,0,0,0,0,0,0,
3099,MM_MOROCC_REST,Morocc Origin,Morocc Origin,160,1450000,1,0,0,3,2963,3825,112,98,110,98,13,48,271,9,10,12,2,6,87,0x6203885,500,1500,500,1000,0,0,0,0,0,0,0,0,0,0,0,0,0,0,0,0,0,0,0,0,0,0,0,0,0,0,
3100,MM_MANA_BLACK,Mm Mana Black,Mm Mana Black,1,30,0,0,0,0,1,1,1,1,1,1,1,1,1,1,10,12,0,0,20,0x170000,2000,1,1,1,0,0,0,0,0,0,0,0,0,0,0,0,0,0,0,0,0,0,0,0,0,0,0,0,0,0,0
3101,MM_MANA_WHITE,Mana White,Mana White,1,30,0,0,0,0,1,1,1,1,1,1,1,1,1,1,10,12,0,0,20,0x170000,2000,1,1,1,0,0,0,0,0,0,0,0,0,0,0,0,0,0,0,0,0,0,0,0,0,0,0,0,0,0,0
3102,MM_MANA_RED,Mana of Life,Mana of Life,1,30,0,0,0,0,1,1,1,1,1,1,1,1,1,1,10,12,0,0,20,0x170000,2000,1,1,1,0,0,0,0,0,0,0,0,0,0,0,0,0,0,0,0,0,0,0,0,0,0,0,0,0,0,0
3103,MM_MANA_YELLOW,Mana of Earth,Mana of Earth,1,30,0,0,0,0,1,1,1,1,1,1,1,1,1,1,10,12,0,0,20,0x170000,2000,1,1,1,0,0,0,0,0,0,0,0,0,0,0,0,0,0,0,0,0,0,0,0,0,0,0,0,0,0,0
3104,MM_MANA_BLUE,Mm Mana Blue,Mm Mana Blue,1,30,0,0,0,0,1,1,1,1,1,1,1,1,1,1,10,12,0,0,20,0x170000,2000,1,1,1,0,0,0,0,0,0,0,0,0,0,0,0,0,0,0,0,0,0,0,0,0,0,0,0,0,0,0
3105,MM_GB_MOROCC_1,Mm Gb Morocc 1,Mm Gb Morocc 1,149,5000000,1,0,0,1,1795,2556,199,35,126,91,63,61,114,37,10,12,2,8,43,102794389,110,576,480,432,0,0,0,0,0,0,0,0,0,0,0,0,0,0,0,0,0,0,0,0,0,0,0,0,0,0,0
3106,MM_GB_MOROCC_4,Mm Gb Morocc 4,Mm Gb Morocc 4,149,5000000,1,0,0,1,1251,1745,109,54,114,88,62,97,164,43,10,12,1,6,68,102794389,150,1536,648,300,0,0,0,0,0,0,0,0,0,0,0,0,0,0,0,0,0,0,0,0,0,0,0,0,0,0,0

//mag_dun
20372,BLAZZER_H,Rigid Blazer,Rigid Blazer,178,1222580,1,138416,96891,2,2305,2775,397,70,97,96,73,131,131,67,10,12,1,6,40,100675733,180,1732,1332,0,0,0,0,0,0,0,0,25728,250,15379,50,7098,1000,15378,50,7097,1000,509,1000,0,0,0,0,0,0,27353,1
20373,NIGHTMARE_TERROR_H,Rigid Nightmare,Rigid Nightmare,179,1523377,1,138489,96942,1,3145,3775,242,75,81,149,21,186,129,61,10,12,2,6,67,100677765,165,1216,816,0,0,0,0,0,0,0,0,25728,250,7120,1000,505,500,510,1500,15380,50,22199,50,0,0,0,0,0,0,27352,1
20374,DELETER1_H,Rigid Deleter,Rigid Sky Deleter,174,1486915,1,135174,94622,1,2522,881,363,64,116,109,63,76,119,47,10,10,1,9,40,67121293,175,1024,624,0,0,0,0,0,0,0,0,25728,250,22200,50,7123,1000,1037,1000,1036,1000,1035,1000,0,0,0,0,0,0,27351,1
20375,DELETER2_H,Rigid Deleter,Rigid Earth Deleter,173,1478369,1,134397,94078,1,2550,3105,362,66,116,137,63,97,126,29,10,10,1,9,40,67121293,175,1024,624,0,0,0,0,0,0,0,0,25728,250,1035,1000,1036,1000,1037,1000,7123,1000,22201,50,0,0,0,0,0,0,27350,1
20376,EXPLOSION_H,Rigid Explosion,Rigid Explosion,171,1457859,1,132533,92773,1,2405,2955,288,68,89,117,39,136,97,69,10,10,0,2,40,67123333,165,1260,960,0,0,0,0,0,0,0,0,25728,250,7006,1000,7097,1000,7122,1000,522,4000,20935,50,0,0,0,0,0,0,27349,1
20377,KAHO_H,Rigid Kaho,Rigid Kaho,173,1473468,1,133952,93766,1,2075,1717,260,70,96,130,29,149,112,51,10,10,1,0,47,100677765,150,1700,1000,0,0,0,0,0,0,0,0,25728,250,994,300,1003,1500,7097,1000,716,3000,970,50,20936,50,0,0,0,0,27347,1
20378,LAVA_GOLEM_H,Rigid Lava Golem,Rigid Lava Golem,177,1529661,1,139060,97342,1, 2990,3255,714,63,121,67,179,76,94,45,10,10,2,0,40,67121301,400,2190,2040,0,0,0,0,0,0,0,0,25728,250,7096,1000,7097,1000,509,1000,6245,5000,20937,50,0,0,0,0,0,0,27348,1
20419,MUSPELLSKOLL_H,Rigid Muspellskoll,Rigid Muspellskoll,188,55620000,1,98875530,69212850,3,8104,11973,791,331,219,132,201,188,275,66,12,14,2,6,63,103333021,150,420,384,0,49437750,616,5000,617,5000,12246,3500,25729,500,2345,500,23817,50,0,0,0,0,0,0,0,0,0,0,0,0,27346,1

//AbyssGlastHeim
20367,RAYDRIC_H,Contaminated Raydric,Contaminated Raydric,185,2372683,1,169477,118634,1,5720,6680,494,101,144,134,103,67,148,41,10,10,1,7,67,67121301,150,824,780,0,0,0,0,0,0,0,0,25730,250,7054,1000,26016,1,1004,100,0,0,0,0,0,0,0,0,0,0,27354,1
20368,RAYDRICARCHER_H,Contaminated Raydric Archer,Contaminated Raydric Archer,184,2355718,0,168266,117786,9,3770,3950,412,101,138,113,76,72,187,77,10,10,1,7,67,100671621,200,1152,1152,0,0,0,0,0,0,0,0,25730,250,7054,1000,0,0,0,0,0,0,0,0,0,0,0,0,0,0,27355,1
20369,GARGOYLE_H,Frozen Gargoyle,Frozen Gargoyle,186,2377139,1,169796,118857,9,3830,4720,333,105,129,109,49,97,178,63,10,10,1,6,61,100671621,200,1020,720,0,0,0,0,0,0,0,0,25730,250,912,1000,1039,1000,1769,1000,0,0,0,0,0,0,0,0,0,0,27356,1
20370,STING_H,Contaminated Sting,Contaminated Sting,180,2297907,1,164136,114895,1,3584,3892,276,100,173,98,32,76,170,68,10,10,1,0,62,67121813,300,528,500,0,0,0,0,0,0,0,0,25730,250,7004,1000,1756,1000,1003,1000,997,500,6213,1000,0,0,0,0,0,0,27357,1
20371,RAGGEDZOMBIE_H,Prison Breaker,Prison Breaker,186,2375279,1,169663,118764,5,4050,4700,297,105,137,71,37,99,156,61,10,10,1,7,49,67155093,150,1960,576,0,0,0,0,0,0,0,0,25730,250,28619,1,7752,1000,934,1000,932,1000,2703,10,6223,10,0,0,0,0,27358,1
20379,ICEGHOST_H,Ice Ghost,Ice Ghost,189,2418315,1,172737,120916,2,2670,2102,390,115,113,103,67,167,146,57,10,10,1,6,61,100676757,150,1056,1056,0,0,0,0,0,0,0,0,25730,250,26139,1,7005,1000,996,1000,932,1000,912,1000,0,0,0,0,0,0,27359,1
20380,FLAMEGHOST_H,Flame Ghost,Flame Ghost,189,2410282,1,172163,120514,2,2810,3154,237,118,119,99,116,187,149,61,10,12,1,6,63,100676757,150,1056,1056,0,0,0,0,0,0,0,0,25730,250,912,1000,932,1000,7005,1000,26138,1,996,1000,0,0,0,0,0,0,27360,1
20420,WANDER_MAN_H,Contaminated Wanderer,Contaminated Wanderer,187,2387582,1,170542,119379,1,7110,8160,289,102,176,121,34,67,139,77,10,10,1,6,44,100677765,100,500,500,0,0,0,0,0,0,0,0,25730,250,7005,1000,616,10,21039,1,610,1000,0,0,0,0,0,0,0,0,27361,1
20421,BRINARANEA_H,Contaminated Spider Queen,Contaminated Spider Queen,195,74623473,1,14924695,10447286,3,6904,10206,285,112,249,176,30,113,191,70,12,14,2,6,67,103333021,150,500,576,0,1492469,0,0,0,0,25731,500,1025,1000,25729,500,607,1000,23817,50,0,0,0,0,0,0,0,0,0,0,27362,1
20422,DARK_LORD_H,Contaminated Dark Lord,Contaminated Dark Lord,194,74476822,1,14895364,10426755,2,6117,10330,503,134,276,151,103,297,172,66,10,12,2,1,69,103333021,100,769,768,0,1489536,0,0,0,0,25731,500,25729,500,607,10000,7005,10000,2049,50,23817,50,0,0,0,0,0,0,0,0,27363,1

//Illusion Vampire
3750,ILL_DRAINLIAR,Starved Drainliar,Matte Drainliar,131,42246,1,3928,3769,1,1241,1711,150,45,91,129,96,92,168,90,10,12,0,2,47,12437,250,1276,576,384,0,0,0,0,0,0,0,25263,250,913,3000,6223,175,0,0,0,0,7006,1500,0,0,0,0,0,0,27102,1
3751,ILL_ZOMBIEC,Undead Zombie,Undead Zombie,133,53926,1,4189,3947,1,1445,578,90,24,175,90,192,14,184,14,10,12,1,1,29,0x3885,400,2612,912,288,0,0,0,0,0,0,0,25267,250,724,3,7933,60,7934,60,25267,250,0,0,0,0,0,0,0,0,27103,1
3752,ILL_ZOMBIE,Illusion Zombie,Illusion Zombie,130,40984,1,3621,3177,1,1205,1726,60,20,150,70,160,7,150,7,10,12,1,1,29,0x3885,400,2612,912,288,0,0,0,0,0,0,0,957,9000,724,5,938,1000,958,50,727,70,25267,250,25266,125,0,0,0,0,27103,1
3753,ILL_GHOUL,Illusion Ghoul,Illusion Ghoul,136,67379,1,4422,3937,1,1413,2422,78,30,156,42,109,101,99,30,10,12,1,1,49,0x3885,250,2456,912,504,0,0,0,0,0,0,0,958,6000,756,110,509,700,25264,250,25266,250,934,150,28508,1,28023,2,25267,250,27103,1
3754,ILL_NIGHTMARE,Sweet Nightmare,Sweet Nightmare,69,61334,1,4023,4022,1,1310,1851,116,30,144,94,84,50,189,68,10,12,2,6,48,0x2003295,150,1816,816,432,0,0,0,0,0,0,0,944,6000,510,500,25270,250,603,30,505,100,2898,1,984,60,0,0,0,0,27101,1
3755,ILL_BLACKMUSHROOM,Illusion Black Mushroom,Illusion Black Mushroom,130,150000,0,2437,2284,1,1,1,418,99,0,0,150,103,0,88,7,12,0,3,22,2097152,2000,768,1,1,0,0,0,0,0,0,0,25265,250,921,500,5082,100,0,0,0,0,0,0,0,0,0,0,0,0,0,0
3756,ILL_BOMI,Bomi,Bomi,98,378510,1,15034,13533,1,3709,4677,69,66,97,70,49,129,125,91,10,12,1,7,49,0x3885,130,864,400,288,0,0,0,0,0,0,0,25261,250,7321,250,591,500,2343,100,1643,20,969,50,20098,1,0,0,0,0,27105,1
3757,ILL_DRACULA,Enraged Dracula,Enraged Dracula,75,6909690,1,2682753,1817882,3,6396,8009,252,146,195,239,88,201,194,195,10,12,2,6,87,0x6283695,145,1290,1140,576,156240,28510,10000,6470,10000,616,200,607,10000,25262,10000,23817,50,0,0,0,0,0,0,0,0,25271,500,0,0,27104,1


//Illusion moonlight
3758,ILL_MOONLIGHT,Angry Moonlight,Angry Moonlight,118,4300000,0,3508905,2468975,1,4185,6136,254,181,166,205,150,167,290,240,10,14,1,6,63,103298709,150,976,587,288,667670,617,5000,607,2000,25271,500,638,600,6224,5000,25256,3000,16063,30,26007,30,28725,30,26109,30,25271,500,23817,50,27081,1
3759,ILL_NINETAIL,Angry Nine Tail,Angry Nine Tail,116,21875,1,3472,6705,1,1009,1395,95,40,121,73,64,42,212,100,10,14,1,2,63,14997,150,840,540,480,0,0,0,0,0,0,0,1022,1000,25256,250,25272,250,746,500,604,200,6223,10,0,0,0,0,0,0,27082,1
3760,ILL_MUNAK,Resentful Munak,Resentful Munak,110,17728,0,787,1675,1,721,986,77,20,103,18,50,20,66,30,10,14,1,1,29,12949,180,1678,768,288,0,0,0,0,0,0,0,23228,250,23228,250,12197,250,609,100,7935,200,2264,10,609,100,22133,8,0,0,27085,1
3761,ILL_BON_GUN,Resentful Bongun,Resentful Bongun,112,19050,0,1795,985,1,897,1127,88,20,125,52,49,22,78,40,12,14,1,1,29,12949,180,1578,768,288,0,0,0,0,0,0,0,23228,250,7014,200,5046,10,7938,1000,609,100,7277,200,0,0,0,0,0,0,27083,1
3762,ILL_SOHEE,Resentful Sohee,Resentful Sohee,114,22400,0,1200,2470,1,859,1169,83,84,122,49,49,40,84,56,10,14,1,6,41,12945,230,1812,912,576,0,0,0,0,0,0,0,19209,10,15195,10,1049,250,25257,250,12196,100,6144,750,20838,30,0,0,0,0,27084,1
3763,ILL_ARCHERSKELETON,Angry Soldier,Angry Soldier,115,20840,0,1047,2792,9,787,1094,47,20,60,61,30,20,101,12,10,14,1,1,29,8341,280,2236,864,576,0,0,0,0,0,0,0,25258,250,6223,100,1752,1000,7937,200,1752,1000,1752,1000,19210,6,0,0,0,0,27086,1
3764,ILL_HIGHWIZARD,Wizard of Truth,Wizard of Truth,118,121847,0,14750,19237,1,1799,2590,60,121,101,89,60,215,255,124,10,14,1,1,27,33567381,150,1182,384,288,0,0,0,0,0,0,0,716,10000,715,10000,14514,250,14512,250,699,500,14513,250,26110,10,0,0,0,0,27087,1
3765,ILL_FURY_HERO,Illusion Hero,Illusion Hero,117,24089,0,0,0,1,965,1300,340,60,180,42,126,66,149,50,10,14,1,1,29,33566869,150,564,384,288,0,0,0,0,0,0,0,0,0,7938,7500,12734,1000,12738,500,930,10000,1093,5000,0,0,0,0,0,0,27088,1

//Illusion of Frozen
3792,ILL_GAZETI,Furious Gazeti,Furious Gazeti,126,117139,0,202650,193620,10,2083,2999,141,42,103,18,50,20,66,30,10,12,1,6,21,33567381,190,576,370,0,0,0,0,0,0,0,0,6253,100,6256,200,7066,3000,7561,3000,1731,1,985,20,25297,250,0,0,0,0,27110,1
3793,ILL_SNOWIER,Furious Snowier,Furious Snowier,126,117139,1,213180,201330,2,1665,2365,195,78,136,88,97,78,103,71,10,12,2,0,41,0x3885,220,936,1020,420,0,0,0,0,0,0,0,7561,3000,7066,1000,757,100,510,50,509,500,1819,3,991,100,25298,250,25299,250,27111,1
3794,ILL_ICE_TITAN,Furious Ice Titan,Furious Ice Titan,133,137656,0,225570,213960,1,1904,2699,644,44,181,70,119,61,124,56,10,12,2,0,61,12949,180,861,660,288,0,0,0,0,0,0,0,749,100,984,10,985,30,995,100,6253,500,7066,3000,7561,5000,25298,250,0,0,27112,1
3795,ILL_ICEICLE,Solid Iceicle,Solid Iceicle,135,1012,0,6000,6000,3,721,986,50,35,199,1,1,1,244,1,10,14,0,0,41,12948,2000,1678,0,0,0,0,0,0,0,0,0,6257,500,7066,1000,7066,1000,7066,500,7066,500,7066,500,7066,500,7066,500,0,0,0,0
3796,ILL_KTULLANUX,Awaken Ktullanux,Awaken Ktullanux,135,15533640,0,83318520,58110690,1,4863,7164,129,78,166,205,150,167,290,240,10,14,2,2,81,103298709,400,432,840,0,15533640,617,5000,617,5000,607,5500,607,5000,616,3000,617,5000,7562,9000,23817,50,0,0,25300,10000,25271,500,0,0,27113,1

//Illusion of Abyss
3799,ILL_ASSULTER,Ominous Assulter,Ominous Assulter,160,592508,1,1626390,1451250,2,627,3998,369,82,180,161,60,44,214,30,10,12,1,7,44,0x3695,200,512,780,0,0,0,0,0,0,0,0,967,4413,7069,1200,7072,840,6214,200,912,1240,0,0,603,1,25316,250,0,0,27117,1
3800,ILL_PERMETER,Ominous Permeter,Ominous Permeter,157,508355,1,1524180,1249830,2,2592,3730,288,100,159,60,135,90,120,60,10,12,1,2,40,0x3695,250,1100,483,528,0,0,0,0,0,0,0,967,4413,507,2450,522,25,605,1,912,1240,6263,200,7939,100,25315,250,0,0,27115,1
3801,ILL_FREEZER,Ominous Freezer,Ominous Freezer,159,549071,1,0,0,2,2653,3823,146,80,154,111,120,100,142,60,10,12,1,2,41,0x3695,250,1452,483,528,0,0,0,0,0,0,0,526,160,689,100,912,1800,967,4413,6256,200,7066,1250,7070,850,25311,250,0,0,27118,1
3802,ILL_SOLIDER,Ominous Solider,Ominous Solider,161,592310,1,1775700,1473840,2,2819,4070,406,116,155,100,170,42,133,50,10,12,1,2,42,0x91,250,1452,483,528,0,0,0,0,0,0,0,967,4413,7070,64,7067,850,508,2100,912,1240,518,850,25312,250,25313,250,0,0,27114,1
3803,ILL_HEATER,Ominous Heater,Ominous Heater,162,527390,1,1893,1611,2,2938,4237,400,100,177,95,120,100,212,89,10,12,1,2,43,0x3695,250,1452,483,528,0,0,0,0,0,0,0,967,4413,7070,750,697,100,6244,1000,526,140,7054,600,7068,1250,0,0,25314,250,27116,1
3804,ILL_TURTLE_GENERAL,Ominous Turtle General,Ominous Turtle General,165,11628549,1,102955620,64404000,2,5512,8069,796,246,232,246,302,189,424,180,10,12,2,2,42,0x6283695,200,900,1000,500,64404000,607,1500,617,2000,967,5500,25312,8000,23817,50,7480,200,0,0,7070,5335,0,0,658,100,0,0,25271,500,27119,1

//Illusion of Luanda
20270,ILL_TRI_JOINT,Ancient Tri Joint,Ancient Tri Joint,164,694500,0,2275170,1706400,1,3200,1600,144,5,174,88,70,55,145,20,10,12,0,4,22,0x2003695,200,860,660,5,0,0,0,0,0,0,0,7053,100,943,380,606,200,993,160,1001,140,54017,250,757,106,54025,250,0,0,27291,1
20271,ILL_STALACTIC_GOLEM,Ancient Stalactic Golem,Ancient Stalactic Golem,167,725400,1,2376420,1782300,1,4100,900,412,5,198,98,122,45,158,55,10,12,2,0,80,0x91,200,1264,864,288,0,0,0,0,0,0,0,7004,2000,7054,4850,1000,250,997,30,757,250,2147,5,985,163,54017,250,54022,250,27292,1
20272,ILL_MEGALITH,Ancient Megalith,Ancient Megalith,166,708500,1,2321040,1740780,9,4200,1100,66,18,169,111,89,55,214,42,10,12,2,0,80,0x84,200,1332,1332,672,0,0,0,0,0,0,0,912,100,7049,1000,617,1,54017,250,54016,250,985,61,757,207,0,0,0,0,27293,1
20273,ILL_TAO_GUNKA,Ancient Tao Gunka,Ancient Tao Gunka,169,19280000,1,120046560,90034920,2,6500,2500,905,143,245,216,100,111,212,42,10,12,2,6,60,0x6283695,150,1020,288,144,13500000,984,6000,617,3000,505,6000,7300,4850,7067,4850,23817,50,2520,10,2354,10,12738,200,54024,10000,54017,10000,25271,500,27294,1
20274,ILL_STONE_SHOOTER,Ancient Stone Shooter,Ancient Stone Shooter,166,692500,1,2305290,1633590,10,3800,1200,185,15,170,86,68,44,215,54,10,12,1,3,63,0x3885,175,2413,1248,768,0,0,0,0,0,0,0,7203,5000,7201,5000,7188,1000,1019,2000,756,100,7049,1000,54019,250,54020,250,0,0,27295,1
20275,ILL_WOOTAN_SHOOTER,Ancient Wootan Shooter,Ancient Wootan Shooter,164,702100,1,2203620,1297590,10,4100,1000,142,21,171,97,74,53,220,45,10,12,1,7,42,0x3885,200,857,1056,576,0,0,0,0,0,0,0,7195,4500,7200,3500,54018,250,7049,1000,7939,100,7182,100,5116,10,1718,10,54020,250,27296,1
20276,ILL_WOOTAN_FIGHTER,Ancient Wootan Fighter,Ancient Wootan Fighter,167,725500,1,2382690,1564350,1,3700,900,205,8,198,115,90,42,158,46,10,12,1,7,43,0x3885,200,912,1344,480,0,0,0,0,0,0,0,517,4500,7196,4000,1801,3,1812,1,7939,100,7198,1000,5116,5,54023,250,54020,250,27297,1
20277,ILL_WOOTAN_DEFENDER,Ancient Wootan Defender,Ancient Wootan Defender,110,20154000,1,120046560,90034920,2,6500,1260,874,143,135,175,98,110,199,66,10,12,2,7,83,0x6283695,150,1020,288,144,13500000,984,6000,617,3000,505,6000,7300,4850,25271,500,728,1000,2296,400,23817,50,12738,200,2231,5,54020,10000,54021,10000,27298,1
20278,G_ILL_MEGALITH,Ancient Megalith,Ancient Megalith,166,708500,1,2321040,1740780,9,4200,1100,66,18,169,111,89,55,214,42,10,12,2,0,80,0x84,200,1332,1332,672,0,0,0,0,0,0,0,0,0,0,0,0,0,0,0,0,0,0,0,0,0,0,0,0,0,0,0
20279,G_ILL_WOOTAN_SHOOTER,Ancient Wootan Shooter,Ancient Wootan Shooter,164,702100,1,2203620,1297590,10,4100,1000,142,21,171,97,74,53,220,45,10,12,1,7,42,0x3885,200,857,1056,576,0,0,0,0,0,0,0,0,0,0,0,0,0,0,0,0,0,0,0,0,0,0,0,0,0,0,0
20280,G_ILL_WOOTAN_FIGHTER,Ancient Wootan Fighter,Ancient Wootan Fighter,167,725500,1,2382690,1564350,1,3700,900,205,8,198,115,90,42,158,46,10,12,1,7,43,0x3885,200,912,1344,480,0,0,0,0,0,0,0,0,0,0,0,0,0,0,0,0,0,0,0,0,0,0,0,0,0,0,0

//Illusion of Teddy Bear
20255,ILL_TEDDY_BEAR_R,Red Teddy Bear,Red Teddy Bear,152,328072,1,1163040,1389900,1,2500,1500,212,88,132,100,155,132,133,132,10,12,0,0,23,0x3295,200,512,780,504,0,0,0,0,0,0,0,7317,3800,518,1000,615,300,13106,5,5113,50,2652,10,985,100,54027,250,54030,250,27286,1
20256,ILL_TEDDY_BEAR_Y,Yellow Teddy Bear,Yellow Teddy Bear,152,328072,1,1163040,1389900,1,2500,1500,212,88,132,100,155,132,133,132,10,12,0,0,24,0x3295,200,512,780,504,0,0,0,0,0,0,0,7317,3800,518,1000,615,300,13106,5,5113,50,2652,10,985,100,54027,250,54030,250,27286,1
20257,ILL_TEDDY_BEAR_G,Green Teddy Bear,Green Teddy Bear,152,328072,1,1163040,1389900,1,2500,1500,212,88,132,100,155,132,133,132,10,12,0,0,25,0x3295,200,512,780,504,0,0,0,0,0,0,0,7317,3800,518,1000,615,300,13106,5,54026,250,2652,10,985,100,54027,250,54030,250,27286,1
20258,ILL_TEDDY_BEAR_W,White Teddy Bear,White Teddy Bear,152,328072,1,1163040,1389900,1,2500,1500,212,88,132,100,155,132,133,132,10,12,0,0,20,0x3295,200,512,780,504,0,0,0,0,0,0,0,7317,3800,518,1000,615,300,13106,5,5113,50,2652,10,985,100,54027,250,54030,250,27286,1
20259,ILL_TEDDY_BEAR_B,Blue Teddy Bear,Blue Teddy Bear,152,328072,1,1163040,1389900,1,2500,1500,212,88,132,100,155,132,133,132,10,12,0,0,21,0x3295,200,512,780,504,0,0,0,0,0,0,0,7317,3800,518,1000,615,300,13106,5,5113,50,2652,10,985,100,54027,250,54030,250,27286,1
20260,ILL_TEDDY_BEAR_S,Shining Teddy Bear,Shining Teddy Bear,160,10724874,0,107606640,97116840,1,4000,2200,313,152,178,176,195,238,219,178,10,12,2,0,86,103298197,150,512,780,0,13500000,505,10000,617,10000,984,10000,12074,1000,12734,1000,12738,1000,54029,10000,54027,10000,54030,10000,25271,500,23817,50,0,0,27287,1
20261,ILL_PITMAN,Hardworking Pitman,Hardworking Pitman,154,305605,1,1156290,1306290,1,2400,1100,209,101,118,117,130,159,146,118,10,12,2,1,42,0x91,180,960,336,300,0,0,0,0,0,0,0,999,500,1003,100,1041,1000,6244,900,7318,3000,7319,500,7327,80,54026,250,0,0,27288,1
20262,ILL_MINERAL,Soul Fragment,Soul Fragment,153,290324,0,1135860,1318020,1,2400,1300,198,96,113,112,124,151,139,113,10,12,0,0,40,14481,250,648,480,360,0,0,0,0,0,0,0,714,2,715,100,728,500,969,2,984,80,1011,800,7321,3000,54028,250,5070,2,27289,1
20263,ILL_OBSIDIAN,Haunted Obsidian,Haunted Obsidian,156,318593,1,1105590,1306290,1,2500,1200,106,124,124,122,136,166,152,124,10,12,0,0,42,0x3885,350,720,864,504,0,0,0,0,0,0,0,7315,3000,730,500,1003,500,985,50,999,500,1263,10,54026,250,0,0,0,0,27290,1
20264,G_ILL_TEDDY_BEAR_R,Red Teddy Bear,Red Teddy Bear,152,328072,1,1163040,1389900,1,2500,1500,212,88,132,100,155,132,133,132,10,12,0,0,23,0x3295,200,512,780,504,0,0,0,0,0,0,0,0,0,0,0,0,0,0,0,0,0,0,0,0,0,0,0,0,0,0,0
20265,G_ILL_TEDDY_BEAR_Y,Yellow Teddy Bear,Yellow Teddy Bear,152,328072,1,1163040,1389900,1,2500,1500,212,88,132,100,155,132,133,132,10,12,0,0,24,0x3295,200,512,780,504,0,0,0,0,0,0,0,0,0,0,0,0,0,0,0,0,0,0,0,0,0,0,0,0,0,0,0
20266,G_ILL_TEDDY_BEAR_G,Green Teddy Bear,Green Teddy Bear,152,328072,1,1163040,1389900,1,2500,1500,212,88,132,100,155,132,133,132,10,12,0,0,25,0x3295,200,512,780,504,0,0,0,0,0,0,0,0,0,0,0,0,0,0,0,0,0,0,0,0,0,0,0,0,0,0,0
20267,G_ILL_TEDDY_BEAR_W,White Teddy Bear,White Teddy Bear,152,328072,1,1163040,1389900,1,2500,1500,212,88,132,100,155,132,133,132,10,12,0,0,20,0x3295,200,512,780,504,0,0,0,0,0,0,0,0,0,0,0,0,0,0,0,0,0,0,0,0,0,0,0,0,0,0,0
20268,G_ILL_TEDDY_BEAR_B,Blue Teddy Bear,Blue Teddy Bear,152,328072,1,1163040,1389900,1,2500,1500,212,88,132,100,155,132,133,132,10,12,0,0,21,0x3295,200,512,780,504,0,0,0,0,0,0,0,0,0,0,0,0,0,0,0,0,0,0,0,0,0,0,0,0,0,0,0

//Illusion of Labyrinth
20520,ILL_BAPHOMET,Chaotic Baphomet,Chaotic Baphomet,178,21278744,1,11895750,10023180,2,7150,3984,343,122,320,175,30,185,255,185,10,12,2,6,67,0x6283695,100,768,768,576,5947860,607,2000,750,500,923,5000,1466,400,2256,300,1476,50,714,500,5160,10,985,5432,23817,50,54037,10000,25271,500,27334,1
20521,ILL_ANDREA,Chaotic Andrea,Chaotic Andrea,177,1057444,0,3103140,2230590,1,3500,2498,327,110,213,99,63,210,89,58,10,12,1,7,66,14469,160,864,400,0,0,0,0,0,0,0,0,617,1000,984,1000,54031,250,0,0,0,0,0,0,0,0,0,0,0,0,27343,1
20522,ILL_ANES,Chaotic Anes,Chaotic Anes,177,1057444,0,3103140,2230590,1,4100,1798,327,110,213,99,63,210,89,58,10,12,1,7,46,14469,160,864,400,0,0,0,0,0,0,0,0,617,1000,984,1000,54032,250,0,0,0,0,0,0,0,0,0,0,0,0,27343,1
20523,ILL_SILVANO,Chaotic Silvano,Chaotic Silvano,177,1057444,0,3103140,2230590,1,3500,2498,327,110,213,99,63,210,89,58,10,12,1,7,86,14469,160,864,400,0,0,0,0,0,0,0,0,617,1000,984,1000,54034,250,0,0,0,0,0,0,0,0,0,0,0,0,27343,1
20524,ILL_CECILIA,Chaotic Cecilia,Chaotic Cecilia,177,1057444,0,3103140,2230590,1,3500,2498,327,110,213,99,63,210,89,58,10,12,1,7,26,14469,160,864,400,0,0,0,0,0,0,0,0,617,1000,984,1000,54039,250,0,0,0,0,0,0,0,0,0,0,0,0,27343,1
20525,ILL_BAPHOMET_J,Chaotic Baphomet Jr.,Chaotic Baphomet Jr.,177,1057444,0,3103140,2230590,1,6445,1700,327,108,252,160,136,54,175,75,10,12,0,6,27,0x2003695,100,868,480,120,0,0,0,0,0,0,0,923,3000,984,63,1464,2,607,50,610,100,508,1300,2405,50,54043,250,0,0,27335,1
20526,ILL_SIDE_WINDER,Chaotic Side Winder,Chaotic Side Winder,176,961531,1,2956290,2022960,1,4600,900,341,108,152,132,135,120,266,115,10,12,1,2,25,0x3095,200,1576,576,576,0,0,0,0,0,0,0,954,5335,912,1400,756,134,1120,2,937,2500,926,5000,509,1000,54041,250,0,0,27336,1
20527,ILL_HUNTER_FLY,Chaotic Hunter Fly,Chaotic ,175,1045087,1,3163950,2269020,1,5324,1200,313,107,232,172,122,125,179,85,10,12,0,4,44,0x2003885,150,676,576,480,0,0,0,0,0,0,0,996,30,999,100,943,5335,912,1300,756,129,2259,1,1226,2,54038,250,0,0,27337,1
20528,ILL_MANTIS,Chaotic Mantis,Chaotic Mantis,174,1039216,1,3163950,2269020,1,4567,1154,315,71,255,133,53,96,211,96,10,12,1,4,22,0x2003095,200,1528,660,432,0,0,0,0,0,0,0,993,110,1031,9000,911,1400,757,70,943,250,721,10,507,650,54042,250,0,0,25271,1
20529,ILL_GHOSTRING,Chaotic Ghostring,Chaotic ,173,1039216,1,3163950,2269020,1,4356,2164,320,72,173,143,84,122,199,96,10,12,1,6,88,0x6203695,300,1220,1080,648,0,0,0,0,0,0,0,1059,5335,2274,100,2336,50,604,500,603,10,714,30,695,100,54040,500,0,0,27339,1
20530,ILL_KILLER_MANTIS,Chaotic Killer Mantis,Chaotic Killer Mantis,177,1058167,0,3287520,2575020,1,5642,2210,348,72,182,156,94,145,169,96,10,12,1,4,22,0x2003695,175,1528,660,432,0,0,0,0,0,0,0,1031,4550,943,2500,721,10,509,15,514,25,1262,1,2108,1,54036,250,0,0,27340,1
20531,ILL_POPORING,Chaotic Poporing,Chaotic Poporing,173,1058167,1,3287520,2575020,1,4644,1200,296,70,173,126,120,118,136,42,10,12,1,3,25,0x83,300,1672,672,480,0,0,0,0,0,0,0,938,5500,910,1500,511,500,514,200,512,5,1207,5,512,250,54033,250,0,0,27341,1
20532,ILL_STEM_WORM,Chaotic Stem Worm,Chaotic Stem Worm,172,1058167,1,3287520,2575020,1,4405,1293,307,70,155,137,125,147,170,130,10,12,1,3,24,0x3095,300,1956,756,528,0,0,0,0,0,0,0,7012,5335,509,1800,1968,10,756,115,997,5,54035,250,608,45,0,0,0,0,27342,1
20533,G_ILL_BAPHOMET_J,Chaotic Baphomet Jr.,Chaotic Baphomet Jr.,177,1057444,0,3103140,2230590,1,6445,1700,327,108,252,160,136,54,175,75,10,12,0,6,27,0x2003695,100,868,480,120,0,0,0,0,0,0,0,0,0,0,0,0,0,0,0,0,0,0,0,0,0,0,0,0,0,0,0

//Illuion under water
20801,ILL_SROPHO,Deep Sea Sropho,Deep Sea Sropho,147,456823,0,19340,19000,1,965,2571,244,81,221,110,60,90,115,50,10,12,1,5,41,0x2003695,135,700,600,360,0,0,0,0,0,0,0,951,7000,7938,500,756,250,12012,25,1971,25,1972,10,25893,250,25899,250,0,0,300140,1
20802,ILL_OBEAUNE,Deep Sea Obeaune,Deep Sea Obeaune,149,450238,1,4760,5340,1,945,2502,255,90,166,87,101,233,196,55,10,12,1,5,41,0x3095,200,1872,672,288,0,0,0,0,0,0,0,995,13,950,9000,5014,1,2326,10,720,10,951,500,748,30,25899,250,25894,250,300141,1
20803,ILL_DEVIACE,Deep Sea Deviace,Deep Sea Deviace,150,488355,1,6580,7400,1,2169,729,274,91,157,126,32,64,112,75,10,12,1,5,81,0x91,400,1680,480,384,0,0,0,0,0,0,0,995,25,1053,9000,1054,1000,0,0,971,200,1256,3,756,161,25899,250,25892,250,300142,1
20804,ILL_MARSE,Deep Sea Marse,Deep Sea Marse,149,475141,1,3890,4380,1,2500,1120,288,100,133,37,85,156,133,60,10,12,0,5,41,0x91,300,1956,756,528,0,0,0,0,0,0,0,1024,9000,962,3000,717,200,720,10,995,12,1007,5,514,300,25895,250,25899,250,300143,1
20805,ILL_MERMAN,Deep Sea Merman,Deep Sea Merman,148,467534,1,6160,6920,1,2131,932,268,75,97,84,46,74,96,110,10,12,1,7,61,0x3695,220,916,816,336,0,0,0,0,0,0,0,1054,1300,2317,2,568,400,720,40,995,35,1460,3,756,203,25899,250,25896,250,300144,1
20806,ILL_SEDORA,Deep Sea Sedora,Deep Sea Sedora,199,3075143,0,18530,17390,1,1444,3758,274,100,221,74,50,101,112,46,10,12,1,5,41,0x2003695,120,504,960,576,0,0,0,0,0,0,0,962,5000,1024,5000,6256,100,7939,100,2424,10,603,5,25899,250,25892,250,0,0,300146,1
20807,ILL_SWORD_FISH,Deep Sea Swordfish,Deep Sea Swordfish,199,3197411,1,5250,5900,1,1235,3849,288,71,155,156,115,85,194,65,10,12,2,5,41,0x3885,200,1968,768,384,0,0,0,0,0,0,0,995,10,963,9000,756,33,2257,2,757,50,1117,25,956,600,25899,250,25893,250,300147,1
20808,ILL_STROUF,Deep Sea Strouf,Deep Sea Strouf,148,3267419,0,55440,37760,1,1700,4200,277,80,201,126,81,252,183,66,10,12,2,5,61,0x6200000,150,1872,672,384,0,0,0,0,0,0,0,951,5335,756,230,2241,4,1461,4,949,3000,720,40,956,1500,25899,250,25895,250,300148,1
20809,ILL_PHEN,Deep Sea Phen,Deep Sea Phen,199,3097168,1,4460,5030,1,1215,2948,219,90,210,96,95,70,215,124,10,12,1,5,41,0x91,150,2544,1344,1152,0,0,0,0,0,0,0,1023,5500,963,2000,720,5,517,1000,951,500,756,25,25895,250,25894,250,0,0,300149,1
20810,ILL_KING_DRAMOH,Deep Sea King Dramoh,Deep Sea King Dramoh,205,3215698,0,33500,13000,1,3320,1330,480,40,220,64,160,115,150,94,10,12,2,5,41,0x6203695,140,576,720,720,0,0,0,0,0,0,0,6256,50,960,2500,943,2500,1523,25,7938,100,995,25,991,25,25896,250,25899,250,300150,1
20811,ILL_KRAKEN,Deep Sea Kraken,Deep Sea Kraken,124,14342360,0,983332,961111,3,4561,3541,335,271,250,250,250,280,280,250,10,12,2,5,81,0x6283695,150,768,768,576,491666,607,5500,617,2250,616,450,962,9000,1422,1000,1484,500,1131,300,2347,100,7444,5000,23817,50,25271,500,0,0,300151,1
20843,ILL_ABYSMAL_WITCH,Deep Sea Witch,Deep Sea Witch,225,75746433,1,0,0,1,9600,11970,211,170,202,119,6,145,275,71,10,12,1,6,61,103331477,100,750,250,500,100000,25271,100,0,0,0,0,25271,5000,25897,5000,23817,50,0,0,0,0,0,0,0,0,0,0,0,0,300145,1
20877,G_ILL_SROPHO,Deep Sea Sropho,Deep Sea Sropho,147,456823,0,19340,19000,1,965,2571,244,81,221,110,60,90,115,50,10,12,1,5,41,0x2003695,135,700,600,360,0,0,0,0,0,0,0,0,0,0,0,0,0,0,0,0,0,0,0,0,0,0,0,0,0,0,0
20878,G_ILL_OBEAUNE,Deep Sea Obeaune,Deep Sea Obeaune,149,450238,1,4760,5340,1,945,2502,255,90,166,87,101,233,196,55,10,12,1,5,41,0x3095,200,1872,672,288,0,0,0,0,0,0,0,0,0,0,0,0,0,0,0,0,0,0,0,0,0,0,0,0,0,0,0
20879,G_ILL_DEVIACE,Deep Sea Deviace,Deep Sea Deviace,150,488355,1,6580,7400,1,2169,729,274,91,157,126,32,64,112,75,10,12,1,5,81,0x91,400,1680,480,384,0,0,0,0,0,0,0,0,0,0,0,0,0,0,0,0,0,0,0,0,0,0,0,0,0,0,0
20880,G_ILL_MARSE,Deep Sea Marse,Deep Sea Marse,149,475141,1,3890,4380,1,2500,1120,288,100,133,37,85,156,133,60,10,12,0,5,41,0x91,300,1956,756,528,0,0,0,0,0,0,0,0,0,0,0,0,0,0,0,0,0,0,0,0,0,0,0,0,0,0,0
20881,G_ILL_MERMAN,Deep Sea Merman,Deep Sea Merman,148,467534,1,6160,6920,1,2131,932,268,75,97,84,46,74,96,110,10,12,1,7,61,0x3695,220,916,816,336,0,0,0,0,0,0,0,0,0,0,0,0,0,0,0,0,0,0,0,0,0,0,0,0,0,0,0
20882,G_ILL_SEDORA,Deep Sea Sedora,Deep Sea Sedora,199,3075143,0,18530,17390,1,1444,3758,274,100,221,74,50,101,112,46,10,12,1,5,41,0x2003695,120,504,960,576,0,0,0,0,0,0,0,0,0,0,0,0,0,0,0,0,0,0,0,0,0,0,0,0,0,0,0
20883,G_ILL_SWORD_FISH,Deep Sea Swordfish,Deep Sea Swordfish,199,3197411,1,5250,5900,1,1235,3849,288,71,155,156,115,85,194,65,10,12,2,5,41,0x3885,200,1968,768,384,0,0,0,0,0,0,0,0,0,0,0,0,0,0,0,0,0,0,0,0,0,0,0,0,0,0,0
20884,G_ILL_STROUF,Deep Sea Strouf,Deep Sea Strouf,148,3267419,0,55440,37760,1,1700,4200,277,80,201,126,81,252,183,66,10,12,2,5,61,0x6200000,150,1872,672,384,0,0,0,0,0,0,0,0,0,0,0,0,0,0,0,0,0,0,0,0,0,0,0,0,0,0,0
20885,G_ILL_PHEN,Deep Sea Phen,Deep Sea Phen,199,3097168,1,4460,5030,1,1215,2948,219,90,210,96,95,70,215,124,10,12,1,5,41,0x91,150,2544,1344,1152,0,0,0,0,0,0,0,0,0,0,0,0,0,0,0,0,0,0,0,0,0,0,0,0,0,0,0


// 16.2 mobs
//16.2
3826,EP16_2_SEYREN,Y.S.F Seyren,Y.S.F Seyren,189,14400000,1,2000000,2000000,3,13329,19729,800,400,220,150,160,70,240,40,10,12,1,7,83,0x6283695,100,76,384,288,2321280,617,5000,6471,2000,732,2500,7054,10000,985,10000,984,10000,15212,20,22141,20,20856,20,0,0,0,0,0,0,0,0
//3621,EP16_2_MM_CUTIE,Pet Child,Pet Child,120,3500000,1,2000000,2200000,1,3000,4360,220,150,160,70,100,40,240,50,10,12,1,2,67,0x6283695,100,576,576,480,100000,617,5500,603,5000,616,2000,7444,50,28913,10,6223,3000,6224,3000,0,0,0,0,0,0,0,0,0,0,27152,1
//3622,EP16_2_MM_S_GUARDS,Special Guard,Special Guard,100,21914,1,500,600,1,788,1078,80,90,108,64,57,62,150,42,10,12,1,7,23,0x3885,200,572,672,480,0,0,0,0,0,0,0,990,100,999,100,715,100,603,100,608,50,756,100,984,100,0,0,0,0,0,0
//3623,EP16_2_MM_U_ENERGY_R,Plasma R,Plasma R,1,30,1,0,0,1,1,2,100,99,0,0,0,0,0,0,10,12,0,0,23,0x6370000,300,1288,288,384,0,0,0,0,0,0,0,0,0,0,0,0,0,0,0,0,0,0,0,0,0,0,0,0,0,0,0
//3624,EP16_2_MM_U_ENERGY_G,Plasma G,Plasma G,1,30,1,0,0,1,1,2,100,99,0,0,0,0,0,0,10,12,0,0,22,0x6370000,300,1288,288,384,0,0,0,0,0,0,0,0,0,0,0,0,0,0,0,0,0,0,0,0,0,0,0,0,0,0,0
//3625,EP16_2_MM_U_ENERGY_B,Plasma B,Plasma B,1,30,1,0,0,1,1,2,100,99,0,0,0,0,0,0,10,12,0,0,21,0x6370000,300,1288,288,384,0,0,0,0,0,0,0,0,0,0,0,0,0,0,0,0,0,0,0,0,0,0,0,0,0,0,0
//3626,EP16_2_H_HUNTER_V,Upgraded Heart Hunter,Upgraded Heart Hunter,110,51785,10,6000,5000,1,2186,3171,172,98,108,150,90,66,190,15,10,12,2,7,47,0x3885,160,500,520,480,0,0,0,0,0,0,0,25159,50,757,100,985,200,25154,100,0,0,0,0,0,0,0,0,0,0,27149,1
//3627,EP16_2_H_HUNTER_MD,Heart Hunter Guard,Heart Hunter Guard,105,41428,100,4500,4000,1,1021,1443,73,42,72,106,64,44,145,10,10,12,1,7,47,0x3885,160,425,620,400,0,0,0,0,0,0,0,25159,10,999,1000,998,1000,603,100,608,100,25154,10,0,0,0,0,0,0,27149,1
//3628,EP16_2_H_HUNTER_EV,Heart Hunter Ebel,Heart Hunter Ebel,110,2800000,1000,100000,5000,1,1570,2250,100,100,100,70,100,30,240,80,10,12,1,7,47,0x6283695,110,425,520,450,1000000,617,500,603,500,607,500,25159,10,7444,1000,617,100,603,200,607,100,13462,10,13461,10,0,0,0,0,27151,1
//3629,EP16_2_BROKEN_GUN,Grudge of Broken Gun,Grudge of Broken Gun,110,24911,10,3000,2500,1,843,1151,95,20,117,68,65,53,144,37,10,12,1,1,48,0x3885,160,1025,720,480,0,0,0,0,0,0,0,0,0,0,0,0,0,0,0,0,0,0,0,0,0,0,0,0,0,0,0
//3630,EP16_2_E_BOLKOBA,Elena Bolkova,Elena Bolkova,115,2000000,100,315000,200000,5,1555,1635,120,70,80,120,66,50,250,60,10,12,1,7,64,0x3885,120,500,420,450,0,0,0,0,0,0,0,0,0,0,0,0,0,0,0,0,0,0,0,0,0,0,0,0,0,0,0
//3631,EP16_2_HUMAN_KIMERA,Human Kimera,Human Kimera,100,36968,100,4750,3600,1,1302,1879,80,100,50,50,100,100,140,1,10,12,1,2,40,0x3885,160,525,620,300,0,0,0,0,0,0,0,25157,100,23076,10,23077,50,23077,20,603,2000,608,500,984,5000,0,0,0,0,27147,1
//3632,EP16_2_MATTER_KIMERA,Material Kimera,Material Kimera,100,36968,100,2500,3000,1,1352,1929,120,50,100,50,100,50,140,1,10,12,1,2,43,0x3885,180,425,620,350,0,0,0,0,0,0,0,25158,10,23076,10,23077,10,23078,10,603,1000,608,2000,984,1000,0,0,0,0,27148,1
//3633,EP16_2_VENOM_KIMERA,Venomous Chimera,Venomous Chimera,110,2800000,1000,3500000,100000,1,1951,2815,150,150,113,75,150,113,25,1,10,12,2,2,85,0x6283695,140,500,420,400,100000,617,1000,12246,300,607,1000,25156,10,7444,100,617,500,603,25,607,1000,6223,100,1447,1,0,0,0,0,27150,1

//custom mob
31990,Training Dummy,Training Dummy,Training Dummy,150,999999999,1,0,0,0,0,0,120,120,0,0,0,0,0,0,0,0,1,0,20,0x4680020,200,0,0,1000,0,0,0,0,0,0,0,0,0,0,0,0,0,0,0,0,0,0,0,0,0,0,0,0,0,0,0
31991,Wall,Wall,Wall,250,100000000,1,1,1,1,1,1,1,1,1,10000,1,1,1,1,12,13,0,0,88,205455360,200,500,500,300,0,0,0,0,0,0,0,0,0,0,0,0,0,0,0,0,0,0,0,0,0,0,0,0,0,0,0
31992,Tao_Gunka,Tao Gunka,Tao Gunka,1,1,1,1,1,1,1,1,1,1,1,1,1,1,1,1,12,13,2,7,20,1,200,500,500,300,1,0,0,0,0,0,0,0,0,0,0,0,0,0,0,0,0,0,0,0,0,0,0,0,0,0,0
31993,Atroce,Atroce,Atroce,1,1,1,1,1,1,1,1,1,1,1,1,1,1,1,1,12,13,2,7,20,1,200,500,500,300,1,0,0,0,0,0,0,0,0,0,0,0,0,0,0,0,0,0,0,0,0,0,0,0,0,0,0
31994,Ifrit,Ifrit,Ifrit,1,1,1,1,1,1,1,1,1,1,1,1,1,1,1,1,12,13,2,7,20,1,200,500,500,300,1,0,0,0,0,0,0,0,0,0,0,0,0,0,0,0,0,0,0,0,0,0,0,0,0,0,0
31995,Eren_Yeager,Eren Yeager,Eren Yeager,185,100000000,1,1,1,1,5453,9542,450,450,70,90,150,120,300,300,12,13,2,7,88,36224661,200,500,500,300,1,0,0,0,0,0,0,0,0,0,0,0,0,0,0,0,0,0,0,0,0,0,0,0,0,0,0
31996,Eren,Eren,Eren,185,100000000,1,1,1,1,5453,9542,450,450,70,90,150,120,300,300,12,13,2,7,88,36224661,200,500,500,300,1,0,0,0,0,0,0,0,0,0,0,0,0,0,0,0,0,0,0,0,0,0,0,0,0,0,0
31997,LeviRobe,Levi,Levi,185,100000000,1,1,1,1,5453,9542,450,450,70,90,150,120,300,300,12,13,2,7,88,36224661,200,500,500,300,1,0,0,0,0,0,0,0,0,0,0,0,0,0,0,0,0,0,0,0,0,0,0,0,0,0,0
31998,Mikasa,Mikasa,Mikasa,185,100000000,1,1,1,1,5453,9542,450,450,70,90,150,120,300,300,12,13,2,7,88,36224661,200,500,500,300,1,0,0,0,0,0,0,0,0,0,0,0,0,0,0,0,0,0,0,0,0,0,0,0,0,0,0
31999,MKN_AINS,Ains Ooal Gown,Ains Ooal Gown,185,100000000,1,1,1,1,5453,9542,450,450,70,90,150,120,300,300,12,13,2,7,88,36224661,200,500,500,300,1,0,0,0,0,0,0,0,0,0,0,0,0,0,0,0,0,0,0,0,0,0,0,0,0,0,0
31974,Odium,Odium,Odium,189,14400000,1,2000000,2000000,3,13329,19729,800,400,220,150,160,70,240,40,10,12,1,0,87,0x6283695,200,864,400,288,0,0,0,0,0,0,0,19439,50,60038,100,60039,100,60020,75,60019,75,60021,75,0,0,0,0,0,0,60049,1500

31985,Peaceful Lamb,Peaceful Lamb,Peaceful Lamb,1,1,1,1,1,1,1,1,1,1,1,1,1,1,1,1,10,12,0,2,20,67108867,200,864,400,288,0,0,0,0,0,0,0,50007,5000,50007,5000,50007,5000,50007,5000,50007,5000,50007,5000,50007,5000,50007,5000,50007,5000,0,0


// ID,Sprite_Name,kROName,iROName,LV,HP,SP,EXP,JEXP,Range1,ATK1,ATK2,DEF,MDEF,STR,AGI,VIT,INT,DEX,LUK,Range2,Range3,Scale,Race,Element,Mode,Speed,aDelay,aMotion,dMotion,MEXP,MVP1id,MVP1per,MVP2id,MVP2per,MVP3id,MVP3per,Drop1id,Drop1per,Drop2id,Drop2per,Drop3id,Drop3per,Drop4id,Drop4per,Drop5id,Drop5per,Drop6id,Drop6per,Drop7id,Drop7per,Drop8id,Drop8per,Drop9id,Drop9per,DropCardid,DropCardper
//aimia dungeons mobs 0xE330295, raging is immune to melee/ranged, sad is immune to magic/melee, joyful is immune to melee/ranged
31983,Joyful_Erda,Joyful Erda,Joyful Erda,188,3760000,1,100000,70000,1,13329,19729,800,400,110,110,110,200,200,20,10,12,2,0,88,0x6351295,200,864,400,288,0,0,0,0,0,0,0,50017,4,6225,4,6240,4,12103,4,12710,4,60017,4,50007,4,60005,1,50098,4,0,0
31987,Raging_Erda,Raging Erda,Raging Erda,185,3980000,1,100000,70000,1,7000,9000,800,400,200,110,110,110,300,20,10,12,2,0,80,0x6360295,200,864,400,288,0,0,0,0,0,0,0,14766,4,12684,4,12796,4,13717,4,17068,4,0,0,50072,4,60005,1,50098,4,0,0
31988,Sad_Erda,Sad Erda,Sad Erda,185,4000000,1,100000,70000,9,5000,8000,800,400,110,250,110,110,300,20,10,12,2,0,80,0x6330295,200,864,400,288,0,0,0,0,0,0,0,12460,4,6417,4,12412,4,12459,4,12472,4,23436,4,50099,4,60005,1,50098,4,0,0

31964,Permeating_Rage,Permeating Rage,Permeating Rage,150,1650000,1,2000000,2000000,1,6872,8756,350,140,150,75,100,70,180,40,10,12,0,0,45,103298709,200,864,400,288,0,0,0,0,0,0,0,6240,1,6225,1,0,0,50007,1,12103,1,12710,1,50017,1,60017,1,50098,1,0,0
31965,Permeating_Solitude,Permeating Solitude,Permeating Solitude,150,1500000,1,2000000,2000000,1,6872,8756,225,70,110,90,100,70,180,40,10,12,0,0,45,103298709,200,864,400,288,0,0,0,0,0,0,0,12460,1,12459,1,12472,1,12412,1,6417,1,0,0,23436,1,50099,1,50098,1,0,0
31966,Permeating_Terror,Permeating Terror,Permeating Terror,150,1500000,1,2000000,2000000,1,6872,8756,225,70,110,90,100,70,180,40,10,12,0,0,45,103298709,200,864,400,288,0,0,0,0,0,0,0,13717,1,12796,1,12684,1,14766,1,17068,1,0,0,50072,1,50031,1,50098,1,0,0

// ID,Sprite_Name,kROName,iROName,LV,HP,SP,EXP,JEXP,Range1,ATK1,ATK2,DEF,MDEF,STR,AGI,VIT,INT,DEX,LUK,Range2,Range3,Scale,Race,Element,Mode,Speed,aDelay,aMotion,dMotion,MEXP,MVP1id,MVP1per,MVP2id,MVP2per,MVP3id,MVP3per,Drop1id,Drop1per,Drop2id,Drop2per,Drop3id,Drop3per,Drop4id,Drop4per,Drop5id,Drop5per,Drop6id,Drop6per,Drop7id,Drop7per,Drop8id,Drop8per,Drop9id,Drop9per,DropCardid,DropCardper
//hallween mobs
//luthadel/invasion
31963,Hallo_Necro,Halloween Necromancer,Halloween Necromancer,120,45456,1,1000,1000,5,400,654,123,40,25,52,145,120,100,24,10,12,1,1,69,13973,200,864,400,288,0,0,0,0,0,0,0,60041,100,0,0,60047,5,60048,1,0,0,0,0,0,0,0,0,0,0,0,0
31968,Undead_Knight,Undead Knight,Undead Knight,139,43782,1,1000,1000,1,670,1200,160,24,99,80,80,70,100,40,10,12,1,6,46,13973,200,864,400,288,0,0,0,0,0,0,0,60042,100,0,0,60047,5,60048,1,0,0,0,0,0,0,0,0,0,0,0,0
31969,Undead_Spearman,Undead Spearman,Undead Spearman,139,53482,1,2000,2000,3,670,1200,160,54,99,80,70,100,140,40,10,12,1,6,46,13973,200,864,400,288,0,0,0,0,0,0,0,60043,100,0,0,60047,5,60048,1,0,0,0,0,0,0,0,0,0,0,0,0
31962,Ghost_Baron,Ghost Baron,Ghost Baron,139,54572,1,2000,2000,1,670,1200,160,54,99,80,70,100,140,40,10,12,1,6,46,13973,200,864,400,288,0,0,0,0,0,0,0,60044,100,0,0,60047,5,60048,1,0,0,0,0,0,0,0,0,0,0,0,0
//hellgate guardian
31959,Hellgate_Guard,Hellgate Guard,Hellgate Guard,189,25438473,1,10000,10000,3,13329,19729,400,200,220,150,160,70,240,40,10,12,1,7,83,0x6283695,200,864,400,288,0,0,0,0,0,0,0,60049,10,0,0,0,0,0,0,0,0,0,0,0,0,0,0,0,0,0,0
//hellgate mob
// ID,Sprite_Name,kROName,iROName,LV,HP,SP,EXP,JEXP,Range1,ATK1,ATK2,DEF,MDEF,STR,AGI,VIT,INT,DEX,LUK,Range2,Range3,Scale,Race,Element,Mode,Speed,aDelay,aMotion,dMotion,MEXP,MVP1id,MVP1per,MVP2id,MVP2per,MVP3id,MVP3per,Drop1id,Drop1per,Drop2id,Drop2per,Drop3id,Drop3per,Drop4id,Drop4per,Drop5id,Drop5per,Drop6id,Drop6per,Drop7id,Drop7per,Drop8id,Drop8per,Drop9id,Drop9per,DropCardid,DropCardper
31961,Crushing_Glare,Crushing Glare,Crushing Glare,140,400000,1,20000,20000,1,1234,1874,150,30,110,90,150,40,100,10,10,12,2,0,63,0x6283695,200,864,400,288,0,0,0,0,0,0,0,60038,1,0,0,0,0,0,0,60039,1,60047,20,0,0,0,0,0,0,0,0
31967,Rising_Terror,Rising Terror,Rising Terror,136,300000,1,20000,20000,2,984,1240,90,50,90,130,75,77,130,40,10,12,1,0,63,0x6283695,200,864,400,288,0,0,0,0,0,0,0,0,0,60038,1,0,0,60039,1,60047,20,60047,20,0,0,0,0,0,0,0,0
31976,Lich,Lich,Lich,142,350000,1,20000,20000,1,1574,1987,100,100,120,70,70,130,100,40,10,12,1,0,43,0x6283695,200,864,400,288,0,0,0,0,0,0,0,60038,1,60039,1,0,0,60047,20,0,0,0,0,0,0,0,0,0,0,0,0

//aimia dung level 1
31961,Crushing_Glare,Crushing Glare,Crushing Glare,160,800000,1,2000000,2000000,1,2145,3000,300,30,140,90,210,40,100,10,10,12,2,0,63,0x6283695,200,864,400,288,0,0,0,0,0,0,0,60038,1,0,0,0,0,0,0,60039,1,60047,20,0,0,0,0,0,0,0,0
31967,Rising_Terror,Rising Terror,Rising Terror,162,600000,1,2000000,2000000,2,1500,2000,200,50,110,220,75,77,130,40,10,12,1,0,63,0x6283695,200,864,400,288,0,0,0,0,0,0,0,0,0,60038,1,0,0,60039,1,60047,20,60047,20,0,0,0,0,0,0,0,0
31971,Sky_Guardian,Sky Guardian,Sky Guardian,189,14400000,1,2000000,2000000,3,13329,19729,800,400,220,150,160,70,240,40,10,12,1,7,83,0x6283695,200,864,400,288,0,0,0,0,0,0,0,0,0,0,0,0,0,0,0,0,0,0,0,0,0,0,0,0,0,0,0
31973,Will,Will,Will,189,8000000,1,2000000,2000000,3,7899,9854,800,400,70,150,160,220,240,40,10,12,1,7,20,0x6283695,200,400,2000,400,0,0,0,0,0,0,0,0,0,0,0,0,0,0,0,0,0,0,0,0,0,0,0,0,0,0,0
31976,Lich,Lich,Lich,150,700000,1,2000000,2000000,1,2456,3500,500,100,170,110,150,130,150,40,10,12,1,0,43,0x6283695,200,864,400,288,0,0,0,0,0,0,0,60038,1,60039,1,0,0,60047,20,0,0,0,0,0,0,0,0,0,0,0,0
31977,AIM_BOSS1,AIM_BOSS1,AIM_BOSS1,189,25000000,1,2000000,2000000,3,13329,19729,800,400,220,150,160,70,240,40,10,12,1,7,83,0x6283695,200,400,2000,400,2000000,0,0,0,0,0,0,0,0,0,0,0,0,0,0,0,0,0,0,0,0,0,0,0,0,0,0


//aimia dung level 2
31979,Fogo_Azul,Fogo Azul,Fogo Azul,120,750000,1,2000000,2000000,3,13329,19729,800,400,110,110,110,110,170,20,10,12,1,0,81,0x6283695,200,864,400,288,0,0,0,0,0,0,0,0,0,0,0,0,0,0,0,0,0,0,0,0,0,0,0,0,0,0,0
31980,Black_Annis,Black Annis,Black Annis,120,20000000,1,2000000,2000000,3,13329,19729,800,400,110,110,110,110,170,20,10,12,2,7,81,0x6283695,200,864,400,288,2000000,0,0,0,0,0,0,0,0,0,0,0,0,0,0,0,0,0,0,0,0,0,0,0,0,0,0
31981,Crocell,Crocell,Crocell,120,750000,1,2000000,2000000,1,13329,19729,800,400,110,110,110,110,170,20,10,12,1,8,41,0x6283695,200,864,400,288,0,0,0,0,0,0,0,0,0,0,0,0,0,0,0,0,0,0,0,0,0,0,0,0,0,0,0
31982,Icedragon,Ice Dragon,Ice Dragon,120,750000,1,2000000,2000000,1,13329,19729,800,400,110,110,110,110,170,20,10,12,1,9,41,0x6283695,200,864,400,288,0,0,0,0,0,0,0,0,0,0,0,0,0,0,0,0,0,0,0,0,0,0,0,0,0,0,0
31984,Leviathan,Leviathan,Leviathan,120,750000,1,2000000,2000000,3,13329,19729,800,400,110,110,110,110,170,20,10,12,1,9,41,0x6283695,200,864,400,288,0,0,0,0,0,0,0,0,0,0,0,0,0,0,0,0,0,0,0,0,0,0,0,0,0,0,0
31986,Mistress_of_Ice,Mistress of Ice,Mistress of Ice,120,1500000,1,2000000,2000000,3,13329,19729,800,400,110,110,110,110,170,20,10,12,1,7,81,0x6283695,200,864,400,288,0,0,0,0,0,0,0,0,0,0,0,0,0,0,0,0,0,0,0,0,0,0,0,0,0,0,0


//aimia dung level 3
31958,Aufheben,Aufheben,Aufheben,189,14400000,1,2000000,2000000,3,13329,19729,800,400,220,150,160,70,240,40,10,12,1,7,83,0x6283695,200,864,400,288,0,0,0,0,0,0,0,0,0,0,0,0,0,0,0,0,0,0,0,0,0,0,0,0,0,0,0
31972,Velderoth,Velderoth,Velderoth,189,14400000,1,2000000,2000000,3,13329,19729,800,400,220,150,160,70,240,40,10,12,1,7,83,0x6283695,200,864,400,288,0,0,0,0,0,0,0,0,0,0,0,0,0,0,0,0,0,0,0,0,0,0,0,0,0,0,0
31970,Silent_Scout,Silent Scout,Silent Scout,189,4400000,1,2000000,2000000,6,7464,7866,800,400,220,150,160,70,240,40,10,12,1,6,46,0x6283695,200,864,400,288,0,0,0,0,0,0,0,0,0,0,0,0,0,0,0,0,0,0,0,0,0,0,0,0,0,0,0
// ID,Sprite_Name,kROName,iROName,LV,HP,SP,EXP,JEXP,Range1,ATK1,ATK2,DEF,MDEF,STR,AGI,VIT,INT,DEX,LUK,Range2,Range3,Scale,Race,Element,Mode,Speed,aDelay,aMotion,dMotion,MEXP,MVP1id,MVP1per,MVP2id,MVP2per,MVP3id,MVP3per,Drop1id,Drop1per,Drop2id,Drop2per,Drop3id,Drop3per,Drop4id,Drop4per,Drop5id,Drop5per,Drop6id,Drop6per,Drop7id,Drop7per,Drop8id,Drop8per,Drop9id,Drop9per,DropCardid,DropCardper
31975,Diavolo,Diavolo,Diavolo,189,150000000,1,2000000,2000000,3,10000,12000,1578,421,220,150,40,70,240,40,10,12,1,0,60,0x6283695,100,300,300,288,100000,12246,5500,60005,5000,617,2000,0,0,0,0,0,0,0,0,0,0,0,0,60084,400,24339,400,24340,400,0,0
//1832,IFRIT,Ifrit,Ifrit,146,6935000,1,6696000,4860000,3,8063,3389,436,218,180,201,156,190,199,77,10,12,2,0,83,0x6283695,130,212,384,360,3348000,603,5500,617,5000,616,2000,994,10000,2677,3000,2678,200,2679,200,1471,2000,1133,2000,2345,100,0,0,0,0,4430,1
// 31975,Diavolo,Diavolo,Diavolo,189,100000000,1,2000000,2000000,3,24378,37894,1578,421,220,150,160,70,240,40,10,12,1,7,60,0x6283695,100,300,300,288,2000000,24339,10000,24340,10000,60084,10000,0,0,0,0,0,0,0,0,0,0,0,0,0,0,0,0,0,0,0,0
// 31989,Diavolo_Guard,Diavolo's Guard,Diavolo's Guard,100,1000000,1,1,1,3,1,1,400,200,220,150,160,70,240,40,10,12,1,7,83,0x6283695,200,864,400,288,0,0,0,0,0,0,0,0,0,0,0,0,0,0,0,0,0,0,0,0,0,0,0,0,0,0,0
31960,Diavolo_Guard,Diavolo's Guard,Diavolo's Guard,100,1000000,1,1,1,3,1,1,400,200,220,150,5,70,240,40,10,12,1,7,60,0x6283695,200,864,400,288,0,0,0,0,0,0,0,0,0,0,0,0,0,0,0,0,0,0,0,0,0,0,0,0,0,0,0
31978,Diavolo_Guardian,Diavolo's Guardian,Diavolo's Guardian,120,20000000,1,1000,1000,1,13329,19729,800,400,110,110,60,110,170,20,10,12,2,0,60,0x6283695,200,864,400,288,0,0,0,0,0,0,0,0,0,0,0,0,0,0,0,0,0,0,0,0,0,0,0,0,0,0,0

//bosina
31957,_MISTRESS,Mistress,Mistress,78,378000,1,368280,301320,1,985,1967,187,192,76,186,88,113,172,79,10,12,0,4,84,0x6283695,100,1148,648,300,184140,996,1500,526,4000,722,3000,1413,150,518,10000,2249,250,616,1000,7018,10,985,4268,16001,100,0,0,0,0,0,0
31956,_OSIRIS,Osiris,Osiris,68,475840,1,245520,200880,1,1980,1503,172,164,97,99,86,131,145,67,10,12,1,1,89,0x6283695,100,1072,672,384,122760,603,4000,608,3000,751,500,617,2000,1232,150,2235,200,1255,600,1009,1000,5053,150,1285,100,0,0,0,0,0,0
31955,_BAPHOMET,Baphomet,Baphomet,81,668000,1,396525,334106,2,3150,1984,279,45,120,125,30,85,155,85,10,12,2,6,67,0x6283695,100,768,768,576,198262,607,2000,750,500,923,5000,1466,400,2256,300,1476,50,714,500,5160,10,985,5432,984,4171,0,0,0,0,0,0
31954,_DOPPELGANGER,Doppelganger,Doppelganger,77,380000,1,313200,250560,1,2103,1176,246,86,122,122,105,67,169,72,10,12,1,6,67,0x6283695,100,480,480,288,156600,724,1500,505,6000,0,0,2317,250,1162,220,1168,150,2258,350,1411,550,985,3686,984,2700,0,0,0,0,0,0
31953,_GOLDEN_BUG,Golden Thief Bug,Golden Thief Bug,65,222750,1,194400,155520,1,952,843,159,81,71,77,80,62,127,76,10,12,2,4,43,0x628108B,100,768,768,480,97200,2610,2000,701,1000,0,0,969,1000,1524,150,2246,250,10016,500,714,300,985,2000,984,1500,0,0,0,0,0,0
31952,_ORK_HERO,Orc Hero,Orc Hero,50,362000,1,106920,97200,1,662,441,197,70,97,82,107,71,144,43,10,12,2,7,42,0x6283695,150,1678,780,648,53460,725,2000,607,1500,999,5000,968,9700,10018,500,1366,150,2106,250,1124,1000,985,4559,1387,100,0,0,0,0,0,0
31951,_DRAKE,Drake,Drake,91,804500,1,515160,417960,1,2519,1403,279,135,121,103,114,107,135,71,10,12,1,1,29,0x6283695,400,620,420,360,257580,504,5000,719,500,0,0,1127,600,1125,950,1135,150,1128,400,5019,350,985,3200,1189,100,0,0,0,0,0,0
31950,_EDDGA,Eddga,Eddga,65,947500,1,198000,148500,1,1509,776,166,70,92,80,103,66,90,85,10,12,2,2,23,0x6283695,300,872,1344,432,99000,1029,5000,1030,1000,994,3000,1133,150,2268,250,518,10000,1258,500,1030,250,985,2300,13046,100,0,0,0,0,0,0
31949,_MAYA,Maya,Maya,55,380000,1,178560,133920,1,555,265,183,50,88,72,76,102,92,76,10,12,2,4,82,0x6283695,100,864,1000,480,89280,730,2000,603,3000,617,2000,10006,500,2615,200,2234,200,639,500,7020,10,985,3500,2005,100,0,0,0,0,0,0
31948,_MOONLIGHT,Moonlight Flower,Moonlight Flower,79,324000,1,334080,271440,1,2232,1251,154,81,86,102,93,82,131,120,10,12,1,6,63,0x6283695,150,1276,576,288,167040,1022,5000,504,1500,728,500,1477,500,1234,100,1525,150,10008,500,638,650,985,2600,1648,100,0,0,0,0,0,0
31947,_PHARAOH,Pharaoh,Pharaoh,85,500000,1,417600,334080,1,1624,1782,124,269,98,102,96,142,144,102,10,12,2,7,67,0x6283695,125,868,768,288,208800,607,5500,526,5000,732,5000,7113,5820,7114,2500,1136,100,2327,150,5002,500,1552,300,1231,80,0,0,0,0,0,0
31946,_PHREEONI,Phreeoni,Phreeoni,71,300000,1,116000,180000,1,693,967,269,98,88,70,112,87,102,71,10,12,2,2,60,0x6283695,200,1020,1020,288,58000,1008,500,730,1000,1000,4000,1015,9700,1223,500,1236,150,1014,5000,2288,300,985,2900,13047,100,0,0,0,0,0,0
31945,_ORC_LORD,Orc Lord,Orc Lord,55,552000,1,156240,122760,1,780,648,256,92,95,95,103,96,155,85,10,12,2,7,82,0x6283695,100,1248,500,360,31102,968,5500,617,2000,0,0,1363,400,2621,400,5007,400,1371,400,617,1000,985,4268,16000,100,0,0,0,0,0,0
31944,_KNIGHT_OF_WINDSTORM,Knight of Windstorm,Stormy Knight,92,630500,1,413800,302200,2,3480,1433,306,166,126,165,132,104,171,79,10,12,2,0,84,0x6283695,200,468,468,288,206900,720,4500,2406,500,995,3000,1468,150,603,3000,617,4000,2621,200,2506,500,985,4559,5007,1,0,0,0,0,0,0
31943,_GARM,Garm,Hatii,98,1275500,1,758880,613800,3,2421,1733,173,103,122,153,135,116,146,72,10,12,2,2,81,0x6283695,400,608,408,336,379440,7036,1000,603,3000,995,3000,7036,5500,1131,150,1256,500,1815,500,0,0,985,3977,984,2900,0,0,0,0,0,0
31942,_DARK_LORD,Dark Lord,Dark Lord,96,1190900,1,714240,558000,2,3935,2585,330,168,118,136,154,142,161,66,10,12,2,6,89,0x6283695,100,868,768,480,357120,7005,6000,5093,500,617,2000,1615,800,2004,100,1237,300,2334,300,2507,100,985,5141,5162,10,0,0,0,0,0,0
31941,_TURTLE_GENERAL,Turtle General,Turtle General,110,1442000,1,933120,748440,2,3169,2066,394,123,116,123,154,99,181,98,10,12,2,2,42,0x6283695,200,900,1000,500,466560,967,5500,607,1500,617,2000,1529,8,1306,5,7480,200,1417,9,7070,5335,1141,80,658,1,0,0,0,0,0,0
31940,_LORD_OF_DEATH,Lord of Death,Lord of the Dead,94,603883,1,437121,345252,3,5351,1962,336,73,140,99,30,109,100,90,10,12,2,6,67,0x6283695,180,1446,1296,360,218560,607,5500,732,5000,617,5000,7108,5335,1417,5,1230,10,2621,2,7109,10,1306,1,1529,2,0,0,0,0,0,0
31939,_DRACULA,Dracula,Dracula,75,350000,1,312480,245520,3,2454,1812,152,146,86,99,88,92,145,82,10,12,2,6,87,0x6283695,145,1290,1140,576,156240,607,5500,732,5000,522,5000,607,4700,1473,5,1722,5,2507,15,2621,4,1557,4,0,0,0,0,0,0,0,0
31938,_DARK_SNAKE_LORD,Evil Snake Lord,Evil Snake Lord,105,1101000,1,720000,630000,3,2882,1986,314,185,122,172,107,135,196,88,10,12,2,2,68,0x6283695,200,588,816,420,78120,607,5500,608,3500,985,5500,7169,5820,10020,5100,1471,80,5012,80,1474,500,7226,900,661,2000,0,0,0,0,0,0
31937,_INCANTATION_SAMURAI,Incantation Samurai,Samurai Specter,100,901000,1,751680,595080,3,2855,936,296,140,145,161,88,66,155,60,10,12,2,7,67,0x6283695,135,874,1344,576,375840,607,5500,608,3500,985,5500,1165,2,985,3500,5096,500,607,4500,999,6305,13303,7500,1235,80,0,0,0,0,0,0
31936,_AMON_RA,Amon Ra,Amon Ra,69,319000,1,240120,187920,3,2090,2052,213,123,86,89,120,131,101,92,14,12,2,7,62,0x6280084,170,854,2016,480,120060,607,5500,608,3500,732,5500,5053,150,2615,50,7211,7760,985,3880,616,400,1552,10,607,3000,0,0,0,0,0,0
31935,_TAO_GUNKA,Tao Gunka,Tao Gunka,110,1252000,1,900000,720000,2,3757,1260,404,143,135,175,98,110,199,66,10,12,2,6,60,0x6283695,150,1020,288,144,450000,984,6000,617,3000,505,6000,7300,4850,7067,4850,728,1000,2296,400,504,3000,12738,200,2231,5,0,0,0,0,0,0
31934,_RSX_0806,RSX 0806,RSX-0806,100,1001000,1,720000,576000,1,3010,976,317,96,153,143,110,128,165,84,10,12,2,0,60,0x6283695,220,128,1104,240,360000,607,5500,5104,3500,732,5500,7093,6000,1230,5,13017,1,617,1000,7327,5000,1242,100,1531,40,0,0,0,0,0,0
31933,_B_EREMES,Assassin Cross Eremes,Assassin Cross Eremes,160,4230000,1,4185000,3147120,1,6083,1378,445,98,211,181,114,83,225,60,10,12,1,7,85,0x6283695,100,76,384,288,2092500,617,5500,603,5000,732,2000,1234,1500,1230,1500,2319,9000,1233,3500,1232,3500,6471,10000,12623,10000,0,0,0,0,0,0
31932,_B_HARWORD,Whitesmith Harword,Whitesmith Howard,160,6750000,1,3555000,2664000,1,5250,1465,301,106,275,148,156,72,177,60,10,12,1,7,82,0x6283695,100,76,384,288,1777500,617,5500,603,5000,732,2000,1138,3500,1140,2500,6471,10000,1365,3500,12623,10000,1369,2500,1368,3500,0,0,0,0,0,0
31931,_B_YGNIZEM,Ygnizem,Egnigem Cenia,141,2910088,1,1054400,1860000,1,5986,2351,373,175,188,177,165,142,185,105,10,12,1,7,43,0x6283695,100,1008,864,288,527200,617,5500,603,5000,732,2000,0,0,644,5000,603,5000,1167,1000,2320,1000,2406,1000,1130,1000,0,0,0,0,0,0
31930,_APOCALIPS_H,Vesper,Vesper,128,3802000,1,2700000,2250000,3,3668,4656,402,109,177,195,165,130,182,102,10,12,2,2,46,0x6283695,180,504,912,432,100000,617,5500,603,5000,732,2000,7095,5000,7094,3000,617,1000,2659,100,2660,100,2661,100,2662,100,0,0,0,0,0,0
31929,_LADY_TANEE,Lady Tanee,Lady Tanee,80,360000,1,334080,261000,14,1936,925,141,104,86,108,88,121,200,71,10,12,2,3,64,0x6280084,100,576,432,360,167040,617,5500,12095,5000,732,2000,12090,5000,634,4000,12129,1000,5116,1000,985,5000,617,2000,1716,6000,0,0,0,0,0,0
31928,_THANATOS,Thanatos,Thanatos Phantom,99,1445660,1,1299400,1930554,3,4956,1671,364,35,100,129,30,86,206,32,10,12,2,6,88,0x6283695,120,115,816,504,649700,617,5500,603,5000,732,2000,7444,1000,2519,1000,7450,5000,2342,5000,2412,5000,2515,1000,2655,500,0,0,0,0,0,0
31927,_DETALE,Detale,Detardeurus,135,6005000,1,4320000,3420000,3,6108,2662,364,166,165,153,171,136,185,72,10,12,2,9,67,0x6283695,250,432,936,360,2160000,617,5500,603,5000,732,2000,2649,1000,2648,1000,7444,5000,7451,3589,12080,1000,1417,100,5002,500,0,0,0,0,0,0
31926,_KIEL_,Kiel D-01,Kiel D-01,125,2502000,1,1800000,1440000,3,4112,3580,314,232,166,187,155,141,199,180,10,12,1,0,47,0x6283695,130,1152,576,432,900000,617,5500,603,5000,616,2000,7513,3000,617,3000,2651,1000,2319,1000,1618,500,1242,500,2650,1000,0,0,0,0,0,0
31925,_RANDGRIS,Valkyrie Randgris,Valkyrie Randgris,141,2205000,1,2000000,2200000,3,7343,4412,588,506,196,131,125,276,267,156,10,12,2,8,86,0x6283695,100,576,576,480,1000000,617,5500,603,5000,616,2000,7510,5000,2357,1600,2524,3000,2421,3000,2229,5000,7024,2500,0,0,0,0,0,0,0,0
31924,_GLOOMUNDERNIGHT,Gloom Under Night,Gloom Under Night,139,3005000,1,2160000,1800000,3,6592,2785,479,262,191,223,187,155,241,163,10,12,2,0,68,0x6283695,200,1344,2880,576,1080000,607,5500,617,5000,617,5000,7566,7000,7023,4000,7022,2000,616,5000,2513,1000,1377,100,0,0,0,0,0,0,0,0
31923,_KTULLANUX,Ktullanux,Ktullanux,98,2626000,1,1035576,949942,3,3754,2680,129,78,85,126,30,125,177,112,10,12,2,2,81,0x6283695,400,432,840,216,517788,607,5500,617,5000,617,5000,7562,9000,616,3000,2509,3000,2111,5000,617,5000,607,5000,0,0,0,0,0,0,0,0
31922,_ATROCE,Atroce,Atroce,113,1502000,1,1080000,855000,2,2843,1503,316,176,121,165,135,99,152,113,10,12,2,2,67,0x6283695,150,576,600,240,540000,607,5500,617,5000,617,5000,7563,7000,608,1000,2621,1000,617,5000,607,5000,5123,100,1175,100,0,0,0,0,0,0
31921,_IFRIT,Ifrit,Ifrit,146,693500000,1,6696000,4860000,3,8063,3389,436,218,180,201,156,190,199,77,10,12,2,0,83,0x6283695,130,212,384,360,3348000,603,5500,617,5000,616,2000,994,10000,2677,3000,2678,200,2679,200,1471,2000,1133,2000,2345,100,0,0,0,0,0,0
31920,_FALLINGBISHOP,Fallen Bishop,Falling Bishop,138,5655000,1,2700000,1890000,1,4290,4636,274,182,186,165,95,226,182,86,10,12,1,6,47,0x6283695,150,432,432,360,1350000,607,5500,617,5000,617,5000,523,10000,1420,1000,2677,500,1422,1000,985,5432,1614,2000,6223,500,0,0,0,0,0,0
31919,_BEELZEBUB,Beelzebub,Beelzebub,147,6805000,1,0,0,1,5250,2100,288,265,155,235,200,225,204,66,10,12,0,6,88,0x6203695,100,100,576,480,0,0,0,0,0,0,0,0,0,0,0,0,0,0,0,0,0,0,0,0,0,0,0,0,0,0,0
31918,_BEELZEBUB_,Beelzebub,Beelzebub,147,4805000,1,7050000,7050000,2,6666,4444,418,265,178,236,200,250,218,66,10,12,2,6,88,0x6283695,100,212,504,432,3525000,607,5500,617,5000,617,5000,7754,9000,2423,2000,1565,2000,2000,2000,2702,2000,6223,1000,0,0,0,0,0,0,0,0


//racing instance (biolab character's)
31917,James_Russel,James Russel,James Russel,160,1234567,1,1,1,14,3660,2100,178,135,176,258,155,132,464,95,10,12,1,7,84,102774421,100,76,384,0,1,0,0,0,0,0,0,60245,10000,60244,10000,60244,10000,60244,10000,60246,5,0,0,0,0,0,0,0,0,0,0
31916,William_Hobbs,William Hobbs,William Hobbs,141,2448000,1,0,0,1,2450,1612,74,312,108,78,55,144,200,49,10,12,1,7,83,0x6203695,150,1000,381,0,0,0,0,0,0,0,0,60244,5,0,0,0,0,0,0,0,0,0,0,0,0,0,0,0,0,0,0
31915,B_William_Hobbs,William Hobbs,William Hobbs,141,2448000,1,0,0,1,2450,1612,74,312,108,78,55,144,200,49,10,12,1,7,83,0x6203695,150,1000,381,0,0,0,0,0,0,0,0,0,0,0,0,0,0,0,0,0,0,0,0,0,0,0,0,0,0,0,0
31914,Ninja_William,Ninja William,Ninja William,147,20650000,1,1,1,1,6000,10000,220,543,155,235,200,225,204,66,10,12,1,7,83,0x6203695,100,100,384,0,1,0,0,0,0,0,0,60244,10000,60244,10000,60244,10000,60245,10000,60246,5,0,0,0,0,0,0,0,0,0,0
31913,Dorothy_Hobbs,Dorothy Hobbs,Dorothy Hobbs,141,2312000,1,1,1,1,2450,1612,93,40,138,79,62,53,200,48,10,12,1,7,81,0x6203695,180,76,381,0,0,0,0,0,0,0,0,60244,5,0,0,0,0,0,0,0,0,0,0,0,0,0,0,0,0,0,0
31912,B_Dorothy_Hobbs,Dorothy Hobbs,Dorothy Hobbs,141,2312000,1,1,1,1,2450,1612,93,40,138,79,62,53,200,48,10,12,1,7,81,0x6203695,180,76,381,0,0,0,0,0,0,0,0,0,0,0,0,0,0,0,0,0,0,0,0,0,0,0,0,0,0,0,0
31911,Alchemist_Dorothy,Alchemist Dorothy,Alchemist Dorothy,186,20650000,1,1,1,1,10000,10000,260,133,280,160,140,300,400,100,10,12,1,7,81,0x6203695,100,76,348,0,1,0,0,0,0,0,0,60244,10000,60244,10000,60244,10000,60245,10000,60246,5,0,0,0,0,0,0,0,0,0,0
31910,Alice_Young,Alice Young,Alice Young,141,2448000,1,0,0,4,2450,1612,74,312,108,78,55,144,200,49,10,12,0,2,82,0x6203695,150,1000,381,0,0,0,0,0,0,0,0,60244,5,0,0,0,0,0,0,0,0,0,0,0,0,0,0,0,0,0,0
31909,B_Alice_Young,Alice Young,Alice Young,141,2448000,1,0,0,4,2450,1612,74,312,108,78,55,144,200,49,10,12,0,2,82,0x6203695,150,1000,381,0,0,0,0,0,0,0,0,0,0,0,0,0,0,0,0,0,0,0,0,0,0,0,0,0,0,0,0
31908,Summoner_Alice,Summoner Alice,Summoner Alice,187,22030000,1,0,0,4,14000,5000,320,349,260,160,240,320,300,140,10,12,0,2,82,0x6203695,100,100,576,480,1,0,0,0,0,0,0,60244,10000,60244,10000,60244,10000,60245,10000,60246,5,0,0,0,0,0,0,0,0,0,0
31907,Edward_Bishop,Edward Bishop,Edward Bishop,141,2040000,1,0,0,1,3684,1207,108,10,145,87,59,67,200,76,10,12,1,7,86,0x6203695,180,76,384,0,0,0,0,0,0,0,0,60244,5,0,0,0,0,0,0,0,0,0,0,0,0,0,0,0,0,0,0
31906,B_Edward_Bishop,Edward Bishop,Edward Bishop,141,2040000,1,0,0,1,3684,1207,108,10,145,87,59,67,200,76,10,12,1,7,86,0x6203695,180,76,384,0,0,0,0,0,0,0,0,0,0,0,0,0,0,0,0,0,0,0,0,0,0,0,0,0,0,0,0
31905,Taekwon_Master_Edward,Taekwon Master Edward,Taekwon Master Edward,188,18360000,1,0,0,1,10000,14000,320,107,360,260,120,100,420,100,10,12,1,7,86,0x6203695,100,70,384,0,1,0,0,0,0,0,0,60244,10000,60244,10000,60244,10000,60245,10000,60246,5,0,0,0,0,0,0,0,0,0,0
31904,Mary_Warren,Mary Warren,Mary Warren,141,2448000,1,0,0,1,2450,1612,74,312,108,78,55,144,200,49,10,12,1,7,87,0x6203695,150,1000,381,0,0,0,0,0,0,0,0,60244,5,0,0,0,0,0,0,0,0,0,0,0,0,0,0,0,0,0,0
31903,B_Mary_Warren,Mary Warren,Mary Warren,141,2448000,1,0,0,1,2450,1612,74,312,108,78,55,144,200,49,10,12,1,7,87,0x6203695,150,1000,381,0,0,0,0,0,0,0,0,0,0,0,0,0,0,0,0,0,0,0,0,0,0,0,0,0,0,0,0
31902,Soul_Linker_Mary,Soul Linker Mary,Soul Linker Mary,187,22030000,1,0,0,1,14000,5000,320,349,260,160,240,320,300,140,10,12,1,7,87,0x6203695,100,100,576,480,1,0,0,0,0,0,0,60244,10000,60244,10000,60244,10000,60245,10000,60246,5,0,0,0,0,0,0,0,0,0,0



//ep 17
20340,MD_EL_A17T,EL-A17T,EL-A17T,118,1641200,0,5279658,4585648,1,2142,1376,355,42,173,143,77,148,202,84,10,12,2,0,60,103300245,160,425,620,0,2500000,607,10000,0,0,0,0,7319,3500,25669,2500,25668,100,25723,1000,6751,1500,0,0,0,0,0,0,0,0,27305,1
20341,MD_E_EA1L,E-EA1L,E-EA1L,116,24810,0,5376,4907,2,1446,427,75,37,90,46,45,71,95,32,10,12,1,0,80,14469,160,425,620,0,0,0,0,0,0,0,0,7213,1250,25669,10,975,30,0,0,0,0,0,0,0,0,0,0,0,0,27320,1
20342,MD_E_EA2S,E-EA2S,E-EA2S,117,26200,0,5448,4790,2,1514,413,101,37,110,75,47,49,86,61,10,12,1,0,40,14469,160,425,620,0,0,0,0,0,0,0,0,7317,1250,7512,1000,25669,10,0,0,0,0,0,0,0,0,0,0,0,0,27304,1
20343,MD_E_13EN0,E-13EN0,E-13EN0,118,26840,0,5580,4992,2,1078,451,72,29,95,76,38,76,86,61,10,12,1,5,81,14469,160,425,620,0,0,0,0,0,0,0,0,938,1250,7565,1000,7326,800,757,120,985,20,25723,3,0,0,0,0,0,0,0,0
//20344,MD_VENOM_BUG,
20345,MD_CONSTANT,Bio Battery,Bio Battery,110,12050,0,2506,1879,1,858,144,92,82,126,98,62,57,91,34,10,12,0,0,67,0x3885,150,720,360,360,0,0,0,0,0,0,0,7512,100,7507,1500,7325,10,999,10,757,10,0,0,0,0,0,0,0,0,0,0
20346,MD_MIGUEL,Miguel,Miguel,115,8600000,0,2400000,1800000,1,5527,3366,216,95,192,115,28,66,179,85,10,12,1,7,84,103300757,160,425,620,0,1800000,0,0,0,0,0,0,1029,3000,25669,2500,25668,100,25723,1000,512,50,0,0,0,0,0,0,0,0,27318,1
20347,MD_MIGUEL_G,Miguel,Miguel,115,8600000,0,2400000,1800000,1,5527,3366,216,95,192,115,28,66,179,85,10,12,1,7,84,103300757,160,425,620,0,1800000,0,0,0,0,0,0,0,0,0,0,0,0,0,0,0,0,0,0,0,0,0,0,0,0,0,0
20348,MD_A013_CAPUT,Incomplete Caput,Incomplete Caput,125,31200,0,6582,5266,1,1287,247,269,27,67,45,103,49,90,30,10,12,1,7,47,14469,160,425,620,0,0,0,0,0,0,0,0,7511,1250,6089,1000,1044,800,1050,1000,25723,5,0,0,0,0,0,0,0,0,0,0
20349,MD_A013_DOLOR,Incomplete Dolor,Incomplete Dolor,122,31200,0,6582,5266,5,1373,421,227,28,74,71,83,69,111,2,10,12,1,7,45,14469,160,425,620,0,0,0,0,0,0,0,0,7012,1250,7565,1000,1019,1000,25723,5,7563,800,0,0,0,0,0,0,0,0,0,0
20350,MD_A013_BELLARE,Incomplete Bellare,Incomplete Bellare,120,38000,0,6582,5266,5,978,212,200,27,51,51,70,63,117,77,10,12,1,7,40,14469,160,425,620,0,0,0,0,0,0,0,0,757,150,985,12,25723,5,25669,7,25159,1250,6213,30,0,0,0,0,0,0,0,0
20351,MD_MANHOLE2,Twin Caput,Twin Caput,175,603341,0,0,0,1,3267,1054,618,196,197,90,139,35,143,45,10,12,1,0,60,14469,160,425,620,0,0,0,0,0,0,0,0,0,0,0,0,0,0,0,0,0,0,0,0,0,0,0,0,0,0,0,0
20352,MD_POMPOM,Fatal Pompom,Fatal Pompom,112,35000,0,0,0,1,1201,407,85,42,63,84,12,55,138,12,10,12,1,0,65,14469,160,425,620,0,0,0,0,0,0,0,0,0,0,0,0,0,0,0,0,0,0,0,0,0,0,0,0,0,0,0,0
20353,MD_CROB,Sorrow Crob,Sorrow Crob,111,3441000,0,2350800,1174000,5,4351,2621,42,65,160,77,100,40,235,55,10,12,1,7,40,102776453,160,425,620,0,0,0,0,0,0,0,0,0,0,0,0,0,0,0,0,0,0,0,0,0,0,0,0,0,0,0,0
20354,E_FINE_DUST,E_FINE_DUST,E_FINE_DUST,1,1,1,1,1,1,1,1,1,1,1,1,1,35,11,1,1,1,1,0,60,0,1,1,1,1,0,0,0,0,0,0,0,0,0,0,0,0,0,0,0,0,0,0,0,0,0,0,0,0,0,0,0
20355,E17_BELLARE1,Heart Hunter Bellare,Heart Hunter Bellare,120,30159,0,6582,5266,5,978,212,200,27,51,51,70,63,117,77,10,12,1,7,40,14469,160,425,620,0,0,0,0,0,0,0,0,757,150,985,12,25723,5,25669,10,25159,1250,6213,30,0,0,0,0,0,0,27306,1
20356,E17_BELLARE2,Senior Heart Hunter Bellare,Senior Heart Hunter Bellare,165,473302,0,86054,60238,5,2808,421,263,37,119,101,90,79,172,93,10,12,1,7,60,14469,120,500,420,0,0,0,0,0,0,0,0,757,150,985,12,25723,10,25669,30,25159,1250,6213,30,0,0,0,0,0,0,27307,1
20357,E17_SANARE1,Heart Hunter Sanare,Heart Hunter Sanare,120,30159,0,6582,5266,1,978,212,200,27,51,51,70,63,117,77,10,12,1,7,40,14469,160,425,620,0,0,0,0,0,0,0,0,25279,1000,25159,1250,756,150,984,12,25669,10,6213,30,0,0,0,0,0,0,27308,1
20358,E17_SANARE2,Heart Hunter Sanare,Heart Hunter Sanare,168,482327,0,87696,61388,1,2635,432,276,41,109,97,96,141,139,77,10,12,1,7,40,14469,160,425,620,0,0,0,0,0,0,0,0,25159,2500,757,300,985,24,25723,10,6213,60,25669,30,0,0,0,0,0,0,27309,1
20359,E17_PLAGA1,Plaga,Plaga,164,466984,0,84900,59430,1,3337,432,160,38,144,60,39,113,125,77,10,12,1,9,40,14469,160,425,620,0,0,0,0,0,0,0,0,7326,1250,943,800,7123,1000,721,50,25723,5,0,0,0,0,0,0,0,0,27310,1
20360,E17_PLAGA2,Mutant Plaga,Mutant Plaga,178,760584,0,138282,96768,1,4851,673,160,38,197,93,63,137,172,90,10,12,1,9,40,14469,160,425,620,0,0,0,0,0,0,0,0,7326,2500,943,800,7123,1000,721,50,25723,10,0,0,0,0,0,0,0,0,27311,1
20361,E17_DOLOR1,Dolor,Dolor,122,40204,0,6582,5266,5,1373,421,227,28,74,71,83,69,111,2,10,12,1,7,45,14469,160,425,620,0,0,0,0,0,0,0,0,7012,1250,7565,1000,1019,1000,25723,5,7563,800,0,0,0,0,0,0,0,0,27312,1
20362,E17_DOLOR2,Mutant Dolor,Mutant Dolor,173,742501,0,13500,94500,5,4082,621,305,68,169,103,1099,121,161,6,10,12,1,2,45,14469,120,425,620,0,0,0,0,0,0,0,0,7012,2500,7565,2000,1019,2000,25723,10,7563,1600,0,0,0,0,0,0,0,0,27313,1
20363,E17_VENENUM1,Venenum,Venenum,123,40720,0,6582,5266,1,1433,243,242,27,77,37,90,39,103,3,10,12,1,2,45,14469,160,425,620,0,0,0,0,0,0,0,0,938,1250,7565,1000,7326,800,757,120,985,10,25723,5,0,0,0,0,0,0,27314,1
20364,E17_VENENUM2,Mutant Venenum,Mutant Venenum,176,755670,0,114510,87451,1,4335,347,314,96,177,91,113,119,193,9,10,12,1,2,60,14469,160,425,620,0,0,0,0,0,0,0,0,938,1250,7565,1000,7326,800,757,120,985,10,25723,10,0,0,0,0,0,0,27315,1
20365,E17_TWIN_CAPUT1,Twin Caput,Twin Caput,125,41735,0,6582,5266,1,1287,247,269,27,67,45,103,49,90,30,10,12,1,7,47,14469,160,425,620,0,0,0,0,0,0,0,0,7511,1250,6089,1000,1044,800,1050,1000,25723,5,0,0,0,0,0,0,0,0,27316,1
20366,E17_TWIN_CAPUT2,Mutant Twin Caput,Mutant Twin Caput,175,750501,0,136461,95518,1,3634,1284,290,90,187,90,101,121,143,45,10,12,1,7,47,14469,160,425,620,0,0,0,0,0,0,0,0,7511,1250,6089,1000,1044,800,1050,1000,25723,10,0,0,0,0,0,0,0,0,27317,1
20381,E17_R4885_BESTIA,R48-85-Bestia,R48-85-Bestia,174,8885000 ,0,8003000,6009000,1,5012,2250,855,124,220,244,72,118,255,95,10,12,2,2,80,103300245,110,425,520,0,4001500,607,10000,617,10000,607,10000,7450,3950,607,3500,25731,3000,25669,4900,512,50,0,0,0,0,0,0,0,0,27319,1
20382,G_TWIN_CAPUT2,Twin Caput,Twin Caput,175,603341,0,0,0,1,3267,1054,618,196,197,90,139,35,143,45,10,12,1,0,60,14469,160,425,620,0,0,0,0,0,0,0,0,0,0,0,0,0,0,0,0,0,0,0,0,0,0,0,0,0,0,0,0
//20383,E_WICKED_NYMPH,
//20384,E_WICKED_NYMPH_BOSS
