// Homunculus Experience Tables
50
110
180
260
350
630
950
1310
1710
2150
3180
4300
5510
6810
8200
10800
13560
16480
19560
22800
28090
33630
39420
45460
51750
61500
70910
81030
91510
102350
117580
133300
149510
166210
183400
206480
230200
254560
279560
305200
338450
372510
407380
443060
479550
525590
572630
620670
669710
719750
781500
844460
908630
974010
1040600
1121280
1203400
1286960
1371960
1458400
1561530
1666350
1772860
1881060
1990950
2120350
2251710
2385030
2520310
2657550
2817340
2979380
3143670
3310210
3479000
3673600
3870760
4070480
4272760
4477600
4711730
4948750
5188660
5431460
5677150
5955830
6237750
6522910
6811310
7102950
7431500
7763660
8099430
8438810
8781800
9165840
9553880
9945920
10350000
10462000
10580000
10700000
10826000
10980000
11150000
11334000
11518000
11702000
11906000
12110000
12314000
12518000
12722000
12926000
13130000
13334000
13538000
13742000
13946000
14150000
14870000
15123000
15376000
15629000
15882000
16135000
16388000
16641000
16894000
17147000
17400000
17653000
17906000
18159000
18412000
18665000
18918000
19171000
19424000
19677000
19930000
20183000
20436000
20689000
20942000
21195000
21448000
21701000
21954000
22207000
24500000
25750000
26750000
28000000
29000000
30250000
31250000
32500000
33500000
34750000
36250000
38050000
40210000
42800000
47982000
50572000
53680000
57410000
61887500
70842500
75320500
80692500
87140000
94875000
110347500
0